shape_id,shape_pt_lat,shape_pt_lon,shape_pt_sequence
0,28.0642789,-82.4137326,0
0,28.0642875,-82.4137242,1
0,28.0643834,-82.4137725,2
0,28.0644567,-82.4138476,3
0,28.0644665,-82.413914,4
0,28.0648118,-82.4138993,5
0,28.0648964,-82.4138957,6
0,28.0648889,-82.4134065,7
0,28.064918,-82.413326,8
0,28.0649722,-82.4132434,9
0,28.0650555,-82.4132176,10
0,28.065154,-82.4132176,11
0,28.0656663,-82.4132162,12
0,28.065742,-82.4132162,13
0,28.0658358,-82.413212,14
0,28.0663121,-82.4132133,15
0,28.0665871,-82.4132141,16
0,28.066976,-82.4132153,17
0,28.0670641,-82.4132129,18
0,28.06713,-82.4132128,19
0,28.0671489,-82.4132028,20
0,28.0675549,-82.4132121,21
0,28.0676727,-82.4132114,22
0,28.0676722,-82.4133495,23
0,28.06767,-82.4140081,24
0,28.0676775,-82.4143085,25
0,28.0676776,-82.4143857,26
0,28.0676837,-82.4146456,27
0,28.0676791,-82.4147428,28
0,28.0676795,-82.4148447,29
0,28.0676801,-82.4149951,30
0,28.0676811,-82.4152242,31
0,28.067703,-82.4153743,32
0,28.0677333,-82.4154773,33
0,28.067809,-82.4157262,34
0,28.0678166,-82.4158035,35
0,28.0678242,-82.4158893,36
0,28.0678242,-82.4159779,37
0,28.0678191,-82.4165168,38
0,28.0678242,-82.416505,39
0,28.0678242,-82.416859,40
0,28.0678242,-82.4171367,41
0,28.0678242,-82.4172884,42
0,28.0678021,-82.4175662,43
0,28.0677636,-82.4176574,44
0,28.0677081,-82.4177442,45
0,28.067439,-82.4179292,46
0,28.0674227,-82.4179031,47
0,28.0673476,-82.4177824,48
0,28.0672643,-82.417688,49
0,28.0671749,-82.4176559,50
0,28.0671039,-82.4176547,51
0,28.0668531,-82.4176505,52
0,28.0666637,-82.417677,53
0,28.0664449,-82.4176871,54
0,28.0664176,-82.41768,55
0,28.0659939,-82.4176826,56
0,28.0659489,-82.4176612,57
0,28.0658992,-82.4176103,58
0,28.0658211,-82.4175969,59
0,28.0658117,-82.4176132,60
0,28.0656609,-82.4178752,61
0,28.0656069,-82.417969,62
0,28.0656733,-82.4180179,63
0,28.065794,-82.418131,64
0,28.0659232,-82.4183612,65
0,28.0659914,-82.4185415,66
0,28.0660141,-82.418696,67
0,28.0660191,-82.4188595,68
0,28.0660217,-82.4189449,69
0,28.0659679,-82.4189449,70
0,28.0654344,-82.4189452,71
0,28.0653549,-82.4189453,72
0,28.0650202,-82.4189455,73
0,28.0648885,-82.4189456,74
0,28.0648507,-82.4189462,75
0,28.0645052,-82.4189473,76
0,28.0642155,-82.4189482,77
0,28.0641918,-82.4189483,78
0,28.064179,-82.419,79
0,28.064158,-82.4190282,80
0,28.0641434,-82.4190394,81
0,28.0641058,-82.4190523,82
0,28.0640654,-82.419046,83
0,28.064035,-82.419025,84
0,28.0640183,-82.4190024,85
0,28.0640063,-82.4189681,86
0,28.0640043,-82.4189492,87
0,28.06398,-82.4189492,88
0,28.0639279,-82.4189492,89
0,28.0638971,-82.4189489,90
0,28.0638645,-82.4189503,91
0,28.0637954,-82.4189479,92
0,28.0637587,-82.4189481,93
0,28.0632269,-82.4189523,94
0,28.063144,-82.418951,95
0,28.0627573,-82.4189449,96
0,28.0626664,-82.4190307,97
0,28.0626361,-82.4191251,98
0,28.0626141,-82.4192197,99
0,28.0626137,-82.4194023,100
0,28.0626286,-82.4195285,101
0,28.0626315,-82.4195624,102
0,28.0625626,-82.4195096,103
0,28.0622685,-82.4194291,104
0,28.0620081,-82.4194077,105
0,28.0617714,-82.419413,106
0,28.0615064,-82.4194613,107
0,28.0612455,-82.4195959,108
0,28.0611341,-82.4196607,109
0,28.0610937,-82.4195863,110
0,28.0610735,-82.4195491,111
0,28.0610432,-82.4194719,112
0,28.061028,-82.4193946,113
0,28.061028,-82.4191764,114
0,28.061028,-82.4184934,115
0,28.061028,-82.41809,116
0,28.0609978,-82.417987,117
0,28.0609675,-82.4179012,118
0,28.060922,-82.4178239,119
0,28.0608614,-82.4177639,120
0,28.0607478,-82.417721,121
0,28.0603994,-82.417721,122
0,28.0601741,-82.4177218,123
0,28.0601447,-82.4177318,124
0,28.0595,-82.4177132,125
0,28.0592529,-82.417709,126
0,28.0591386,-82.4177073,127
0,28.0590284,-82.4177017,128
0,28.0581507,-82.4176948,129
0,28.0580866,-82.4176938,130
0,28.0580861,-82.4176277,131
0,28.0580899,-82.417233,132
0,28.0580636,-82.4167827,133
0,28.0580467,-82.416623,134
0,28.0580377,-82.4165384,135
0,28.0580181,-82.4163535,136
0,28.0579719,-82.416124,137
0,28.057928,-82.4159633,138
0,28.0578967,-82.4158758,139
0,28.0578742,-82.4158128,140
0,28.0578225,-82.4156875,141
0,28.0577023,-82.4154056,142
0,28.0575568,-82.4150706,143
0,28.0575265,-82.415002,144
0,28.057381,-82.414652,145
0,28.0572966,-82.4143149,146
0,28.0572531,-82.4140533,147
0,28.0572224,-82.4134684,148
0,28.0572235,-82.4133327,149
0,28.0572069,-82.4131004,150
0,28.0573536,-82.4130997,151
0,28.0580326,-82.4130964,152
0,28.0586688,-82.4130934,153
0,28.0589585,-82.4130824,154
0,28.0598532,-82.4130876,155
0,28.0599571,-82.4130871,156
0,28.0601587,-82.4130887,157
0,28.0608729,-82.4130856,158
0,28.0609107,-82.4130839,159
0,28.0609334,-82.4130856,160
0,28.0610705,-82.4130834,161
0,28.061116,-82.4131435,162
0,28.0611311,-82.4132207,163
0,28.061116,-82.4132979,164
0,28.0610705,-82.4133409,165
0,28.0609334,-82.4133516,166
0,28.060888,-82.4133516,167
0,28.0607591,-82.4133351,168
0,28.0602232,-82.4133381,169
0,28.0601581,-82.4133381,170
0,28.0600353,-82.4133385,171
0,28.059952,-82.4133385,172
0,28.0590457,-82.4133454,173
0,28.0573561,-82.4133319,174
0,28.0572335,-82.4133327,175
0,28.0572169,-82.4131004,176
0,28.0572075,-82.4129613,177
0,28.0572417,-82.4114377,178
0,28.0572342,-82.4109141,179
0,28.0571887,-82.4105279,180
0,28.0571582,-82.4099013,181
0,28.0571357,-82.4094722,182
0,28.0571205,-82.4092919,183
0,28.0570827,-82.4090774,184
0,28.0570378,-82.4089223,185
0,28.0570277,-82.4088784,186
0,28.0569881,-82.4087641,187
0,28.056942,-82.4086537,188
0,28.056891,-82.4085549,189
0,28.0568857,-82.4085538,190
0,28.056772,-82.4083118,191
0,28.056757,-82.4082791,192
0,28.0566434,-82.4080045,193
0,28.0566055,-82.4078671,194
0,28.0565676,-82.4076611,195
0,28.0565449,-82.4073092,196
0,28.0565231,-82.4069235,197
0,28.0564388,-82.4054295,198
0,28.0565828,-82.4054639,199
0,28.0568981,-82.4055079,200
0,28.0569499,-82.4055152,201
0,28.0572114,-82.405524,202
0,28.0574538,-82.4054982,203
0,28.0575147,-82.4054829,204
0,28.0576095,-82.405459,205
0,28.0576853,-82.4054429,206
0,28.0576956,-82.4054077,207
0,28.0577672,-82.4054178,208
0,28.058037,-82.4053351,209
0,28.0585578,-82.4052365,210
0,28.0589188,-82.4052327,211
0,28.0589762,-82.4052321,212
0,28.0594837,-82.4052321,213
0,28.0596616,-82.4052126,214
0,28.0597185,-82.4052064,215
0,28.0599003,-82.4051206,216
0,28.0599902,-82.405075,217
0,28.059938,-82.4049545,218
0,28.0598716,-82.4048794,219
0,28.0598,-82.404627,220
0,28.0597857,-82.4044828,221
0,28.0597859,-82.4035759,222
0,28.059786,-82.4028523,223
0,28.0597782,-82.4027318,224
0,28.0598622,-82.4027326,225
0,28.0600191,-82.4027415,226
0,28.0601783,-82.4027492,227
0,28.0619195,-82.4027528,228
0,28.0631924,-82.4027695,229
0,28.0635759,-82.4027605,230
0,28.0645855,-82.4027614,231
0,28.0655178,-82.4027673,232
0,28.0656023,-82.4027892,233
0,28.0656081,-82.4027674,234
0,28.0662507,-82.4027684,235
0,28.066339,-82.402767,236
0,28.066233,-82.403403,237
0,28.0659845,-82.4041464,238
0,28.0658584,-82.4046119,239
0,28.0657826,-82.4049209,240
0,28.0657313,-82.4052426,241
0,28.0657086,-82.4055516,242
0,28.065701,-82.4056975,243
0,28.0657026,-82.4059338,244
0,28.0657092,-82.4069135,245
0,28.0657098,-82.4072595,246
0,28.0657095,-82.4073893,247
0,28.065715,-82.4074425,248
0,28.065708,-82.4079204,249
0,28.0657111,-82.4080873,250
0,28.0658225,-82.4080709,251
0,28.0664717,-82.4079635,252
0,28.0675944,-82.4077809,253
0,28.0676218,-82.407775,254
0,28.0676228,-82.4076683,255
0,28.0675305,-82.40762,256
0,28.0674973,-82.4075234,257
0,28.0675186,-82.4074349,258
0,28.0675802,-82.4073813,259
0,28.0676702,-82.4073798,260
0,28.0677308,-82.4074313,261
0,28.067769,-82.4075317,262
0,28.0677239,-82.4076158,263
0,28.0676559,-82.4076656,264
0,28.067655,-82.4077746,265
0,28.0664817,-82.4079635,266
0,28.0658325,-82.4080709,267
0,28.0657211,-82.4080873,268
0,28.0657118,-82.408278,269
0,28.0657118,-82.4092181,270
0,28.0657114,-82.4093393,271
0,28.0657117,-82.4098152,272
0,28.0657109,-82.4106221,273
0,28.0657109,-82.4107053,274
0,28.0657335,-82.4114205,275
0,28.065742,-82.4117228,276
0,28.065742,-82.4117962,277
0,28.065751,-82.4120171,278
0,28.065742,-82.4125296,279
0,28.065742,-82.413115,280
0,28.065752,-82.4132162,281
0,28.0656763,-82.4132162,282
0,28.065164,-82.4132176,283
0,28.0650655,-82.4132176,284
0,28.0649822,-82.4132434,285
0,28.064928,-82.413326,286
0,28.0648989,-82.4134065,287
0,28.0649064,-82.4138957,288
0,28.0648218,-82.4138993,289
0,28.0644765,-82.413914,290
0,28.0644354,-82.4139737,291
0,28.064355,-82.4140313,292
0,28.0642816,-82.4140394,293
0,28.0642236,-82.4140139,294
0,28.0642239,-82.4139482,295
0,28.0642248,-82.4137255,296
0,28.0642975,-82.4137242,297
0,28.0642889,-82.4137326,298
1,28.0642789,-82.4137326,0
1,28.0642875,-82.4137242,1
1,28.0643834,-82.4137725,2
1,28.0644567,-82.4138476,3
1,28.0644665,-82.413914,4
1,28.0648118,-82.4138993,5
1,28.0648964,-82.4138957,6
1,28.0648889,-82.4134065,7
1,28.064918,-82.413326,8
1,28.0649722,-82.4132434,9
1,28.0650555,-82.4132176,10
1,28.065154,-82.4132176,11
1,28.0656663,-82.4132162,12
1,28.065742,-82.4132162,13
1,28.0658358,-82.413212,14
1,28.0663121,-82.4132133,15
1,28.0665871,-82.4132141,16
1,28.066976,-82.4132153,17
1,28.0670641,-82.4132129,18
1,28.0671489,-82.4132128,19
1,28.06713,-82.4132128,20
1,28.0675549,-82.4132121,21
1,28.0676727,-82.4132114,22
1,28.0676722,-82.4133495,23
1,28.06767,-82.4140081,24
1,28.0676775,-82.4143085,25
1,28.0676776,-82.4143857,26
1,28.0676897,-82.4146456,27
1,28.0676791,-82.4147428,28
1,28.0676795,-82.4148447,29
1,28.0676801,-82.4149951,30
1,28.0676811,-82.4152242,31
1,28.067703,-82.4153743,32
1,28.0677333,-82.4154773,33
1,28.067809,-82.4157262,34
1,28.0678166,-82.4158035,35
1,28.0678242,-82.4158893,36
1,28.0678242,-82.4159779,37
1,28.0678191,-82.4165168,38
1,28.0678242,-82.416505,39
1,28.0678242,-82.416859,40
1,28.0678242,-82.4171367,41
1,28.0678242,-82.4172884,42
1,28.0678021,-82.4175662,43
1,28.0677636,-82.4176574,44
1,28.0677081,-82.4177442,45
1,28.0674227,-82.4179031,46
1,28.0673476,-82.4177824,47
1,28.0672643,-82.417688,48
1,28.0671749,-82.4176559,49
1,28.0671039,-82.4176547,50
1,28.0668531,-82.4176505,51
1,28.0666637,-82.417677,52
1,28.0664449,-82.4176871,53
1,28.0664176,-82.41768,54
1,28.0659939,-82.4176826,55
1,28.0659489,-82.4176612,56
1,28.0658992,-82.4176103,57
1,28.0658211,-82.4175969,58
1,28.0658117,-82.4176132,59
1,28.0656609,-82.4178752,60
1,28.0656069,-82.417969,61
1,28.0656733,-82.4180179,62
1,28.065794,-82.418131,63
1,28.0659232,-82.4183612,64
1,28.0659914,-82.4185415,65
1,28.0660141,-82.418696,66
1,28.0660191,-82.4188595,67
1,28.0660217,-82.4189449,68
1,28.066025,-82.4190574,69
1,28.0660337,-82.4191236,70
1,28.0660362,-82.4192041,71
1,28.0660247,-82.4203542,72
1,28.0660217,-82.4204813,73
1,28.0660226,-82.420628,74
1,28.0660268,-82.4209148,75
1,28.0660401,-82.4236032,76
1,28.0654352,-82.4235904,77
1,28.065246,-82.4235956,78
1,28.0652006,-82.4235969,79
1,28.0651247,-82.423599,80
1,28.0648899,-82.4235646,81
1,28.0646248,-82.4235664,82
1,28.064232,-82.423569,83
1,28.0642083,-82.4236419,84
1,28.0642083,-82.4237363,85
1,28.064284,-82.4237792,86
1,28.0643522,-82.4237535,87
1,28.0643601,-82.4237654,88
1,28.0646348,-82.4235664,89
1,28.0648999,-82.4235646,90
1,28.0651347,-82.423599,91
1,28.0652106,-82.4235969,92
1,28.065256,-82.4235956,93
1,28.0654452,-82.4235904,94
1,28.0660501,-82.4236032,95
1,28.066228,-82.4236154,96
1,28.0662825,-82.4236117,97
1,28.0663431,-82.4235805,98
1,28.0664098,-82.4235295,99
1,28.0664946,-82.4235032,100
1,28.0665627,-82.4235259,101
1,28.0666157,-82.4235633,102
1,28.0666763,-82.4235977,103
1,28.0667824,-82.4236234,104
1,28.066797,-82.4237281,105
1,28.0668051,-82.4237865,106
1,28.0668127,-82.4239066,107
1,28.0668127,-82.4240096,108
1,28.0667961,-82.4240703,109
1,28.0668015,-82.4240932,110
1,28.0667799,-82.4241645,111
1,28.066756,-82.424304,112
1,28.0667506,-82.4243535,113
1,28.0667658,-82.4244136,114
1,28.0668112,-82.4245423,115
1,28.066884,-82.424711,116
1,28.067104,-82.424858,117
1,28.0671909,-82.4249941,118
1,28.0673111,-82.4250831,119
1,28.0673868,-82.4251603,120
1,28.0674095,-82.4252461,121
1,28.0674247,-82.4254607,122
1,28.0675837,-82.4254584,123
1,28.0679783,-82.4254334,124
1,28.0686061,-82.4254436,125
1,28.0686003,-82.4243449,126
1,28.0686,-82.4242843,127
1,28.0686038,-82.4242074,128
1,28.0686076,-82.4241298,129
1,28.0686531,-82.4239925,130
1,28.0687212,-82.4238981,131
1,28.0687667,-82.4237865,132
1,28.0687894,-82.4236406,133
1,28.0687963,-82.423529,134
1,28.068804,-82.423406,135
1,28.0688106,-82.4233954,136
1,28.0687919,-82.4229115,137
1,28.0690712,-82.4228954,138
1,28.0690664,-82.4217126,139
1,28.0690688,-82.4209615,140
1,28.0690617,-82.4205914,141
1,28.0690641,-82.4204761,142
1,28.0677139,-82.4204809,143
1,28.0661235,-82.4204813,144
1,28.0660317,-82.4204813,145
1,28.0660347,-82.4203542,146
1,28.0660287,-82.4191236,147
1,28.066035,-82.4190574,148
1,28.0660317,-82.4189449,149
1,28.0660291,-82.4188595,150
1,28.0660241,-82.418696,151
1,28.0660014,-82.4185415,152
1,28.0659332,-82.4183612,153
1,28.065804,-82.418131,154
1,28.0656833,-82.4180179,155
1,28.0656169,-82.417969,156
1,28.0655218,-82.4179063,157
1,28.065466,-82.4178692,158
1,28.0654859,-82.4178804,159
1,28.0653552,-82.4177862,160
1,28.065181,-82.4175973,161
1,28.065051,-82.41737,162
1,28.0649765,-82.4172369,163
1,28.064938,-82.4171059,164
1,28.0649159,-82.4170309,165
1,28.064893,-82.41681,166
1,28.0648931,-82.4166852,167
1,28.0648925,-82.4165662,168
1,28.0648932,-82.4164449,169
1,28.0648908,-82.4163448,170
1,28.0648938,-82.4162826,171
1,28.0648944,-82.4161272,172
1,28.0648964,-82.4155608,173
1,28.0648951,-82.4153359,174
1,28.0648934,-82.4150247,175
1,28.0648936,-82.4147197,176
1,28.0648892,-82.4146675,177
1,28.0648925,-82.4145894,178
1,28.0648935,-82.4145271,179
1,28.0648954,-82.4143821,180
1,28.0648947,-82.4142647,181
1,28.0649064,-82.4138957,182
1,28.0648218,-82.4138993,183
1,28.0644765,-82.413914,184
1,28.0644354,-82.4139737,185
1,28.064355,-82.4140313,186
1,28.0642816,-82.4140394,187
1,28.0642236,-82.4140139,188
1,28.0642239,-82.4139482,189
1,28.0642248,-82.4137255,190
1,28.0642975,-82.4137242,191
1,28.0642789,-82.4136226,192
2,28.0642789,-82.4136226,0
2,28.0642875,-82.4137242,1
2,28.0643834,-82.4137725,2
2,28.0644567,-82.4138476,3
2,28.0644665,-82.413914,4
2,28.0648118,-82.4138993,5
2,28.0648964,-82.4138957,6
2,28.065154,-82.4132176,7
2,28.0656663,-82.4132162,8
2,28.0656648,-82.4131127,9
2,28.0656587,-82.4125296,10
2,28.0656656,-82.4117907,11
2,28.0656662,-82.4117219,12
2,28.0657335,-82.4114205,13
2,28.065678,-82.4112482,14
2,28.0657109,-82.4107053,15
2,28.0657109,-82.4106221,16
2,28.0657069,-82.409479,17
2,28.0657114,-82.4093393,18
2,28.0657118,-82.4092181,19
2,28.0657118,-82.408278,20
2,28.0657111,-82.4080873,21
2,28.0655826,-82.4080869,22
2,28.0650195,-82.4080849,23
2,28.0649816,-82.408091,24
2,28.0648988,-82.4080845,25
2,28.0648483,-82.4080843,26
2,28.0647864,-82.4080842,27
2,28.0640455,-82.4080835,28
2,28.0637785,-82.4080805,29
2,28.0632799,-82.4080787,30
2,28.0631557,-82.4081019,31
2,28.0629708,-82.4081788,32
2,28.0628768,-82.4082154,33
2,28.0627456,-82.408295,34
2,28.0626833,-82.4083343,35
2,28.062559,-82.4084372,36
2,28.0624075,-82.4085402,37
2,28.062256,-82.4086175,38
2,28.0620763,-82.408682,39
2,28.0619475,-82.4087077,40
2,28.061849,-82.4087163,41
2,28.0618112,-82.4087163,42
2,28.0617513,-82.4087191,43
2,28.0616976,-82.4087249,44
2,28.0613281,-82.4087197,45
2,28.0611977,-82.4087249,46
2,28.0610548,-82.408726,47
2,28.0609485,-82.4087269,48
2,28.0608114,-82.4087228,49
2,28.0605638,-82.4087192,50
2,28.060516,-82.4087249,51
2,28.0604361,-82.4087669,52
2,28.0601637,-82.40872376,53
2,28.0601366,-82.4087668,54
2,28.0585607,-82.4087773,55
2,28.058223,-82.4087252,56
2,28.0572224,-82.4087668,57
2,28.057097,-82.4087695,58
2,28.0571413,-82.4088699,59
2,28.0571475,-82.408914,60
2,28.0571811,-82.4090688,61
2,28.057219,-82.4092919,62
2,28.0572417,-82.4094808,63
2,28.0572407,-82.409663,64
2,28.057272,-82.4098927,65
2,28.057272,-82.4105451,66
2,28.0572342,-82.4109141,67
2,28.0572417,-82.4114377,68
2,28.0572075,-82.4129613,69
2,28.0572069,-82.4131004,70
2,28.0573536,-82.4130997,71
2,28.0580326,-82.4130964,72
2,28.0586688,-82.4130934,73
2,28.0589585,-82.4130924,74
2,28.0598532,-82.4130876,75
2,28.0599571,-82.4130871,76
2,28.0601587,-82.4130887,77
2,28.0608729,-82.4130856,78
2,28.0609107,-82.4130839,79
2,28.0609334,-82.4130856,80
2,28.0610705,-82.4130834,81
2,28.061116,-82.4131435,82
2,28.0611311,-82.4132207,83
2,28.061116,-82.4132979,84
2,28.0610705,-82.4133409,85
2,28.0609334,-82.4133516,86
2,28.060888,-82.4133516,87
2,28.0606409,-82.4133339,88
2,28.0602232,-82.4133381,89
2,28.0601581,-82.4133381,90
2,28.0600353,-82.4133385,91
2,28.059952,-82.4133385,92
2,28.0590457,-82.4133454,93
2,28.0573561,-82.4133319,94
2,28.0572235,-82.4133327,95
2,28.0572169,-82.4131004,96
2,28.0572175,-82.4129613,97
2,28.0572517,-82.4114377,98
2,28.0572442,-82.4109141,99
2,28.0571887,-82.4105279,100
2,28.0571582,-82.4099013,101
2,28.0571357,-82.4094722,102
2,28.0571205,-82.4092919,103
2,28.0570827,-82.4090774,104
2,28.0570378,-82.4089223,105
2,28.0570277,-82.4088784,106
2,28.0569881,-82.4087641,107
2,28.056942,-82.4086537,108
2,28.0570591,-82.4086702,109
2,28.0571798,-82.4086756,110
2,28.0572322,-82.4086725,111
2,28.0574973,-82.408681,112
2,28.0582912,-82.4087235,113
2,28.0585607,-82.4086789,114
2,28.0590081,-82.4086716,115
2,28.0600642,-82.408723,116
2,28.0601367,-82.4086901,117
2,28.0604437,-82.4086896,118
2,28.060526,-82.4087249,119
2,28.0605738,-82.4087192,120
2,28.0608214,-82.4087228,121
2,28.0609585,-82.4087269,122
2,28.0610648,-82.408726,123
2,28.0611956,-82.4087117,124
2,28.0612077,-82.4087249,125
2,28.0617076,-82.4087249,126
2,28.0617613,-82.4087191,127
2,28.0618212,-82.4087163,128
2,28.061859,-82.4087163,129
2,28.0619575,-82.4087077,130
2,28.0620863,-82.408682,131
2,28.062266,-82.4086175,132
2,28.0624175,-82.4085402,133
2,28.062569,-82.4084372,134
2,28.0626933,-82.4083343,135
2,28.0627556,-82.408295,136
2,28.0628868,-82.4082154,137
2,28.0629808,-82.4081788,138
2,28.0631657,-82.4081019,139
2,28.0632899,-82.4080787,140
2,28.0637885,-82.4080805,141
2,28.0647717,-82.4080901,142
2,28.0647717,-82.4080501,143
2,28.0647964,-82.4080842,144
2,28.0648583,-82.4080843,145
2,28.0649088,-82.4080845,146
2,28.0650295,-82.4080849,147
2,28.0655926,-82.4080869,148
2,28.0657211,-82.4080873,149
2,28.0657218,-82.408278,150
2,28.0657218,-82.4092181,151
2,28.0657214,-82.4093393,152
2,28.0657117,-82.4098152,153
2,28.0657209,-82.4106221,154
2,28.0657209,-82.4107053,155
2,28.0657435,-82.4114205,156
2,28.065742,-82.4117228,157
2,28.065742,-82.4117962,158
2,28.06575,-82.4120271,159
2,28.065742,-82.4125296,160
2,28.065742,-82.413115,161
2,28.065742,-82.4132162,162
2,28.0658358,-82.413212,163
2,28.0663121,-82.4132133,164
2,28.0665871,-82.4132141,165
2,28.066976,-82.4132153,166
2,28.0670641,-82.4132129,167
2,28.0671289,-82.41321,168
2,28.06713,-82.4132128,169
2,28.0675549,-82.4132121,170
2,28.0676727,-82.4132114,171
2,28.0677746,-82.4132061,172
2,28.0678922,-82.4132,173
2,28.0684147,-82.413192,174
2,28.0684296,-82.4131995,175
2,28.0689577,-82.4131902,176
2,28.0690475,-82.4131939,177
2,28.0690475,-82.4130785,178
2,28.0690439,-82.4126112,179
2,28.0690428,-82.4099699,180
2,28.0690475,-82.4098706,181
2,28.0691729,-82.4098706,182
2,28.0692415,-82.40987,183
2,28.0695433,-82.4098673,184
2,28.0697693,-82.4098702,185
2,28.0702023,-82.4098757,186
2,28.070601,-82.409883,187
2,28.071162,-82.409888,188
2,28.0714139,-82.4098907,189
2,28.0718493,-82.4098953,190
2,28.0722018,-82.4099028,191
2,28.0723004,-82.409957,192
2,28.0723019,-82.4099049,193
2,28.0724746,-82.4099086,194
2,28.0726218,-82.4099125,195
2,28.0729702,-82.4099169,196
2,28.0732164,-82.4099221,197
2,28.0737504,-82.4099333,198
2,28.0748078,-82.4099556,199
2,28.074876,-82.409957,200
2,28.0749735,-82.4099896,201
2,28.076317,-82.409987,202
2,28.0767628,-82.409998,203
2,28.0770798,-82.4100291,204
2,28.0779,-82.4100261,205
2,28.0793006,-82.4100878,206
2,28.0793649,-82.4100907,207
2,28.0802117,-82.4101029,208
2,28.0802946,-82.4101539,209
2,28.0803419,-82.410237,210
2,28.0803585,-82.4103175,211
2,28.0803397,-82.4113221,212
2,28.080384,-82.411517,213
2,28.0803827,-82.4116439,214
2,28.0803466,-82.4126525,215
2,28.0803703,-82.4128066,216
2,28.0803774,-82.4133108,217
2,28.0803803,-82.4141866,218
2,28.079605,-82.414159,219
2,28.079382,-82.414151,220
2,28.0784997,-82.4141035,221
2,28.0784263,-82.4140955,222
2,28.0782938,-82.414121,223
2,28.0773283,-82.4140526,224
2,28.0762734,-82.4140481,225
2,28.0760381,-82.4140481,226
2,28.0743179,-82.4140203,227
2,28.0743012,-82.4140204,228
2,28.0739722,-82.4140151,229
2,28.0733152,-82.4140132,230
2,28.0728362,-82.4140065,231
2,28.072378,-82.414,232
2,28.0720765,-82.4140004,233
2,28.0719842,-82.4139992,234
2,28.0718967,-82.413999,235
2,28.0715264,-82.4139975,236
2,28.0702589,-82.4139866,237
2,28.0693046,-82.413982,238
2,28.0691753,-82.4139824,239
2,28.0690546,-82.4139851,240
2,28.0690575,-82.4131939,241
2,28.0689677,-82.4131902,242
2,28.0684247,-82.413192,243
2,28.0721565,-82.4140004,244
2,28.0679022,-82.4132,245
2,28.0677846,-82.4132061,246
2,28.0676827,-82.4132114,247
2,28.0675649,-82.4132121,248
2,28.0671448,-82.4132054,249
2,28.06714,-82.4132128,250
2,28.0670741,-82.4132129,251
2,28.066986,-82.4132153,252
2,28.0665971,-82.4132141,253
2,28.0663221,-82.4132133,254
2,28.0658458,-82.413212,255
2,28.065752,-82.4132162,256
2,28.0656763,-82.4132162,257
2,28.065164,-82.4132176,258
2,28.0649064,-82.4138957,259
2,28.0648218,-82.4138993,260
2,28.0644765,-82.413914,261
2,28.0644354,-82.4139737,262
2,28.064355,-82.4140313,263
2,28.0642816,-82.4140394,264
2,28.0642236,-82.4140139,265
2,28.0642239,-82.4139482,266
2,28.0642248,-82.4137255,267
2,28.0642975,-82.4137242,268
2,28.0642789,-82.4137326,269
3,28.0643789,-82.4136326,0
3,28.0642875,-82.4137242,1
3,28.0643834,-82.4137725,2
3,28.0644567,-82.4138476,3
3,28.0644665,-82.413914,4
3,28.0648118,-82.4138993,5
3,28.0648964,-82.4138957,6
3,28.0648947,-82.4142647,7
3,28.0648933,-82.4142865,8
3,28.0648954,-82.4143821,9
3,28.0648935,-82.4145271,10
3,28.0648925,-82.4145894,11
3,28.0648936,-82.4147197,12
3,28.0648934,-82.4150247,13
3,28.0648951,-82.4153359,14
3,28.0648964,-82.4155608,15
3,28.0648944,-82.4161272,16
3,28.0648938,-82.4162826,17
3,28.0648932,-82.4164449,18
3,28.064889,-82.416544,19
3,28.0648925,-82.4165662,20
3,28.0648931,-82.4166852,21
3,28.064893,-82.41681,22
3,28.0649159,-82.4170309,23
3,28.064938,-82.4171059,24
3,28.0649765,-82.4172369,25
3,28.065051,-82.41737,26
3,28.065181,-82.4175973,27
3,28.0653552,-82.4177862,28
3,28.0654501,-82.4178564,29
3,28.0654859,-82.4178804,30
3,28.0655218,-82.4179063,31
3,28.0656069,-82.417969,32
3,28.0656733,-82.4180179,33
3,28.065794,-82.418131,34
3,28.0659232,-82.4183612,35
3,28.0659914,-82.4185415,36
3,28.0660141,-82.418696,37
3,28.0660191,-82.4188595,38
3,28.0660217,-82.4189449,39
3,28.066025,-82.4190574,40
3,28.0660362,-82.4192041,41
3,28.0660247,-82.4203542,42
3,28.0660217,-82.4204813,43
3,28.0660226,-82.420628,44
3,28.0660268,-82.4209078,45
3,28.0660401,-82.4236032,46
3,28.0660401,-82.4240495,47
3,28.0660174,-82.4242555,48
3,28.0659568,-82.4244529,49
3,28.0659221,-82.4244998,50
3,28.0658303,-82.424692,51
3,28.0657111,-82.4248544,52
3,28.0656766,-82.4249164,53
3,28.065617,-82.4250924,54
3,28.065582,-82.425245,55
3,28.0655478,-82.4254828,56
3,28.0655478,-82.4256974,57
3,28.0655456,-82.4259609,58
3,28.0655711,-82.4261564,59
3,28.0655688,-82.4273285,60
3,28.065534,-82.4283892,61
3,28.0655264,-82.4294278,62
3,28.0655232,-82.4303113,63
3,28.0655256,-82.4304346,64
3,28.065528,-82.4314753,65
3,28.065526,-82.4315657,66
3,28.0655236,-82.4320994,67
3,28.0655232,-82.4325107,68
3,28.0655209,-82.43309,69
3,28.065528,-82.4335594,70
3,28.0655351,-82.4345894,71
3,28.0635941,-82.434485,72
3,28.0612988,-82.4345713,73
3,28.0605618,-82.434566,74
3,28.059878,-82.434561,75
3,28.05986,-82.435543,76
3,28.059825,-82.435625,77
3,28.059448,-82.435629,78
3,28.0594369,-82.4356333,79
3,28.0591946,-82.4356322,80
3,28.0591899,-82.4338542,81
3,28.058636,-82.4338595,82
3,28.0585958,-82.4337871,83
3,28.0586313,-82.4336933,84
3,28.0587023,-82.4335833,85
3,28.0587094,-82.433476,86
3,28.0586975,-82.4330871,87
3,28.0586975,-82.4326606,88
3,28.0587524,-82.4325696,89
3,28.0588254,-82.4324916,90
3,28.058706,-82.432098,91
3,28.058366,-82.431232,92
3,28.0583317,-82.4311714,93
3,28.057988,-82.4305734,94
3,28.057579,-82.4305648,95
3,28.0569579,-82.4305648,96
3,28.056957,-82.4296525,97
3,28.0569708,-82.4280875,98
3,28.0569653,-82.4280627,99
3,28.0569678,-82.4275795,100
3,28.0569888,-82.427071,101
3,28.0569982,-82.426843,102
3,28.0569982,-82.4261751,103
3,28.0569746,-82.425982,104
3,28.0569698,-82.4258613,105
3,28.0569817,-82.4250486,106
3,28.0569879,-82.4231855,107
3,28.0569954,-82.4230911,108
3,28.0570485,-82.4229881,109
3,28.0571242,-82.4229538,110
3,28.0572075,-82.4229624,111
3,28.0580043,-82.4229479,112
3,28.0580952,-82.4229479,113
3,28.0580758,-82.4215107,114
3,28.0580929,-82.4213805,115
3,28.0580922,-82.4208818,116
3,28.0580899,-82.4200569,117
3,28.0580938,-82.4199318,118
3,28.058092,-82.4197684,119
3,28.0580899,-82.4178167,120
3,28.058081,-82.4178021,121
3,28.0580866,-82.4176938,122
3,28.0580861,-82.4176277,123
3,28.0580899,-82.417233,124
3,28.0580636,-82.4167827,125
3,28.0580467,-82.416623,126
3,28.0580377,-82.4165384,127
3,28.0580181,-82.4163535,128
3,28.0579719,-82.416124,129
3,28.057928,-82.4159633,130
3,28.0578967,-82.4158758,131
3,28.0578742,-82.4158128,132
3,28.0578225,-82.4156875,133
3,28.0577023,-82.4154056,134
3,28.0575568,-82.4150706,135
3,28.0575265,-82.415002,136
3,28.057381,-82.414652,137
3,28.0572966,-82.4143149,138
3,28.0572531,-82.4140533,139
3,28.0572224,-82.4134684,140
3,28.0572235,-82.4133327,141
3,28.0572069,-82.4131004,142
3,28.0573536,-82.4130997,143
3,28.0580326,-82.4130964,144
3,28.0586688,-82.4130934,145
3,28.0589585,-82.4130894,146
3,28.0598532,-82.4130876,147
3,28.0599571,-82.4130871,148
3,28.0601587,-82.4130887,149
3,28.0608729,-82.4130856,150
3,28.0609107,-82.4130839,151
3,28.0609334,-82.4130856,152
3,28.0610705,-82.4130834,153
3,28.061116,-82.4131435,154
3,28.0611311,-82.4132207,155
3,28.061116,-82.4132979,156
3,28.0610705,-82.4133409,157
3,28.0609334,-82.4133516,158
3,28.060888,-82.4133516,159
3,28.0607591,-82.4133351,160
3,28.0602232,-82.4133381,161
3,28.0601581,-82.4133381,162
3,28.0600353,-82.4133385,163
3,28.059952,-82.4133385,164
3,28.0590457,-82.4133454,165
3,28.0573561,-82.4133319,166
3,28.0572335,-82.4133327,167
3,28.0572324,-82.4134684,168
3,28.0572631,-82.4140533,169
3,28.0573066,-82.4143149,170
3,28.057391,-82.414652,171
3,28.0575365,-82.415002,172
3,28.0575668,-82.4150706,173
3,28.0577123,-82.4154056,174
3,28.0578325,-82.4156875,175
3,28.0578842,-82.4158128,176
3,28.0579067,-82.4158758,177
3,28.057938,-82.4159633,178
3,28.0579509,-82.4160942,179
3,28.0579819,-82.416124,180
3,28.0580281,-82.4163535,181
3,28.0580477,-82.4165384,182
3,28.0580567,-82.416623,183
3,28.0580736,-82.4167827,184
3,28.0580999,-82.417233,185
3,28.0580961,-82.4176277,186
3,28.0580966,-82.4176938,187
3,28.0580999,-82.4178167,188
3,28.0580775,-82.4180747,189
3,28.058102,-82.4197684,190
3,28.0581038,-82.4199318,191
3,28.0580999,-82.4200569,192
3,28.0581022,-82.4208818,193
3,28.0581029,-82.4213805,194
3,28.0580755,-82.4215321,195
3,28.0581052,-82.4229479,196
3,28.0580143,-82.4229479,197
3,28.0572175,-82.4229624,198
3,28.0571342,-82.4229538,199
3,28.0570585,-82.4229881,200
3,28.0570054,-82.4230911,201
3,28.0569979,-82.4231855,202
3,28.0569917,-82.4250486,203
3,28.0569798,-82.4258613,204
3,28.0569846,-82.425982,205
3,28.0570082,-82.4261751,206
3,28.0570082,-82.426843,207
3,28.0569988,-82.427071,208
3,28.0569778,-82.4275795,209
3,28.0569753,-82.4280627,210
3,28.0569659,-82.428133,211
3,28.056967,-82.4296525,212
3,28.0569679,-82.4305648,213
3,28.057589,-82.4305648,214
3,28.057998,-82.4305734,215
3,28.0583417,-82.4311714,216
3,28.058376,-82.431232,217
3,28.058716,-82.432098,218
3,28.0588354,-82.4324916,219
3,28.0587624,-82.4325696,220
3,28.0587075,-82.4326606,221
3,28.0587075,-82.4330871,222
3,28.0587194,-82.433476,223
3,28.0587123,-82.4335833,224
3,28.0586413,-82.4336933,225
3,28.0586058,-82.4337871,226
3,28.058646,-82.4338595,227
3,28.0591999,-82.4338542,228
3,28.0592046,-82.4356322,229
3,28.058729,-82.435638,230
3,28.0587236,-82.4349378,231
3,28.0579614,-82.4349324,232
3,28.0579661,-82.4357693,233
3,28.0579022,-82.4358202,234
3,28.0578596,-82.4358632,235
3,28.0575922,-82.4358578,236
3,28.0575803,-82.4360831,237
3,28.0575141,-82.4361958,238
3,28.057507,-82.4377809,239
3,28.058117,-82.4377703,240
3,28.058121,-82.437442,241
3,28.058161,-82.437096,242
3,28.0586335,-82.4360896,243
3,28.058684,-82.435982,244
3,28.058707,-82.435728,245
3,28.058739,-82.435638,246
3,28.0592046,-82.4356322,247
3,28.0594469,-82.4356333,248
3,28.059458,-82.435629,249
3,28.059835,-82.435625,250
3,28.05987,-82.435543,251
3,28.059888,-82.434561,252
3,28.0605718,-82.434566,253
3,28.0615659,-82.434575,254
3,28.0636041,-82.434485,255
3,28.0655451,-82.4345894,256
3,28.065538,-82.4335594,257
3,28.0655309,-82.43309,258
3,28.0655332,-82.4325107,259
3,28.0655336,-82.4320994,260
3,28.065536,-82.4315657,261
3,28.065538,-82.4314753,262
3,28.0655264,-82.4307911,263
3,28.0655356,-82.4304346,264
3,28.0658386,-82.4304338,265
3,28.0664889,-82.430432,266
3,28.0673624,-82.4304351,267
3,28.0673529,-82.4294105,268
3,28.0668539,-82.4294159,269
3,28.0664142,-82.4294194,270
3,28.0655364,-82.4294278,271
3,28.065544,-82.4283892,272
3,28.0655788,-82.4273285,273
3,28.0655811,-82.4261564,274
3,28.0655556,-82.4259609,275
3,28.0655578,-82.4256974,276
3,28.0655578,-82.4254828,277
3,28.065592,-82.425245,278
3,28.065627,-82.4250924,279
3,28.0656866,-82.4249164,280
3,28.0657211,-82.4248544,281
3,28.0658403,-82.424692,282
3,28.0659668,-82.4244529,283
3,28.0660274,-82.4242555,284
3,28.0660501,-82.4240495,285
3,28.0660501,-82.4236032,286
3,28.0659977,-82.4233807,287
3,28.0660243,-82.4208996,288
3,28.0660326,-82.420628,289
3,28.0660317,-82.4204813,290
3,28.0660347,-82.4203542,291
3,28.0660307,-82.4191236,292
3,28.066035,-82.4190574,293
3,28.0660317,-82.4189449,294
3,28.0660291,-82.4188595,295
3,28.0660241,-82.418696,296
3,28.0660014,-82.4185415,297
3,28.0659332,-82.4183612,298
3,28.065804,-82.418131,299
3,28.0656833,-82.4180179,300
3,28.0656169,-82.417969,301
3,28.0655318,-82.4179063,302
3,28.065476,-82.4178692,303
3,28.0654959,-82.4178804,304
3,28.0653652,-82.4177862,305
3,28.065191,-82.4175973,306
3,28.065061,-82.41737,307
3,28.0649865,-82.4172369,308
3,28.064948,-82.4171059,309
3,28.0649259,-82.4170309,310
3,28.064903,-82.41681,311
3,28.0649031,-82.4166852,312
3,28.0649025,-82.4165662,313
3,28.0649032,-82.4164449,314
3,28.0648908,-82.4163448,315
3,28.0649038,-82.4162826,316
3,28.0649044,-82.4161272,317
3,28.0649064,-82.4155608,318
3,28.0649051,-82.4153359,319
3,28.0649034,-82.4150247,320
3,28.0649036,-82.4147197,321
3,28.0648892,-82.4146675,322
3,28.0649025,-82.4145894,323
3,28.0649035,-82.4145271,324
3,28.0649054,-82.4143821,325
3,28.0649047,-82.4142647,326
3,28.0649064,-82.4138957,327
3,28.0648218,-82.4138993,328
3,28.0644765,-82.413914,329
3,28.0644354,-82.4139737,330
3,28.064355,-82.4140313,331
3,28.0642816,-82.4140394,332
3,28.0642236,-82.4140139,333
3,28.0642239,-82.4139482,334
3,28.0642248,-82.4137255,335
3,28.0642789,-82.4137326,336
4,28.0642789,-82.4137326,0
4,28.0642875,-82.4137242,1
4,28.0643834,-82.4137725,2
4,28.0644567,-82.4138476,3
4,28.0644665,-82.413914,4
4,28.0648118,-82.4138993,5
4,28.0648964,-82.4138957,6
4,28.0648889,-82.4134065,7
4,28.064918,-82.413326,8
4,28.0649722,-82.4132434,9
4,28.0650555,-82.4132176,10
4,28.065154,-82.4132176,11
4,28.0656663,-82.4132162,12
4,28.0656648,-82.4131127,13
4,28.0656587,-82.4125296,14
4,28.0656656,-82.4117907,15
4,28.0656662,-82.4117219,16
4,28.065668,-82.4113082,17
4,28.0657109,-82.4107053,18
4,28.0657109,-82.4106221,19
4,28.0657069,-82.409479,20
4,28.0657114,-82.4093393,21
4,28.0657118,-82.4092181,22
4,28.0657118,-82.408278,23
4,28.0657111,-82.4080873,24
4,28.0658225,-82.4080709,25
4,28.0664717,-82.4079635,26
4,28.0675944,-82.4077809,27
4,28.0676218,-82.407775,28
4,28.0676228,-82.4076683,29
4,28.0675305,-82.40762,30
4,28.0674973,-82.4075234,31
4,28.0675186,-82.4074349,32
4,28.0675802,-82.4073813,33
4,28.0676702,-82.4073798,34
4,28.0677308,-82.4074313,35
4,28.067769,-82.4075317,36
4,28.0677239,-82.4076158,37
4,28.0676559,-82.4076656,38
4,28.067655,-82.4077746,39
4,28.0676318,-82.407775,40
4,28.0676044,-82.4077809,41
4,28.0665471,-82.4080008,42
4,28.0658325,-82.4080709,43
4,28.0657211,-82.4080873,44
4,28.065708,-82.4079204,45
4,28.065706,-82.4074348,46
4,28.0657095,-82.4073893,47
4,28.0657098,-82.4072595,48
4,28.0657092,-82.4069135,49
4,28.0657026,-82.4059338,50
4,28.065701,-82.4056975,51
4,28.0657086,-82.4055516,52
4,28.0657313,-82.4052426,53
4,28.0657826,-82.4049209,54
4,28.0658584,-82.4046119,55
4,28.0659845,-82.4041464,56
4,28.066233,-82.403403,57
4,28.066339,-82.402767,58
4,28.0662507,-82.4027684,59
4,28.0656081,-82.4027674,60
4,28.0655178,-82.4027673,61
4,28.0645855,-82.4027614,62
4,28.0635759,-82.4027605,63
4,28.0619195,-82.4027528,64
4,28.0600191,-82.4027415,65
4,28.0598622,-82.4027326,66
4,28.0597782,-82.4027318,67
4,28.059786,-82.4028523,68
4,28.0597859,-82.4035759,69
4,28.0597857,-82.4044828,70
4,28.0598,-82.404627,71
4,28.0597826,-82.4046413,72
4,28.059938,-82.4049545,73
4,28.0599902,-82.405075,74
4,28.0599003,-82.4051206,75
4,28.0597185,-82.4052064,76
4,28.0596616,-82.4052126,77
4,28.0594837,-82.4052321,78
4,28.0589762,-82.4052321,79
4,28.0589188,-82.4052327,80
4,28.0585578,-82.4052365,81
4,28.058037,-82.4053351,82
4,28.0577672,-82.4054178,83
4,28.0576853,-82.4054429,84
4,28.0576095,-82.405459,85
4,28.0575147,-82.4054829,86
4,28.0574538,-82.4054982,87
4,28.0572114,-82.405524,88
4,28.0569499,-82.4055152,89
4,28.0568981,-82.4055079,90
4,28.0565828,-82.4054639,91
4,28.0566285,-82.4067231,92
4,28.0566358,-82.406923,93
4,28.0566491,-82.4072487,94
4,28.0566509,-82.4072921,95
4,28.0566737,-82.4076182,96
4,28.0567115,-82.4078242,97
4,28.0567418,-82.4079186,98
4,28.056863,-82.4082276,99
4,28.0569671,-82.4084493,100
4,28.0570188,-82.4085737,101
4,28.0570591,-82.4086702,102
4,28.057097,-82.4087695,103
4,28.0571413,-82.4088699,104
4,28.0571475,-82.408914,105
4,28.0571811,-82.4090688,106
4,28.057219,-82.4092919,107
4,28.0572417,-82.4094808,108
4,28.0572507,-82.409663,109
4,28.057272,-82.4098927,110
4,28.057272,-82.4105451,111
4,28.0572342,-82.4109141,112
4,28.0572417,-82.4114377,113
4,28.0572075,-82.4129613,114
4,28.0572069,-82.4131004,115
4,28.0573536,-82.4130997,116
4,28.0580326,-82.4130964,117
4,28.0586688,-82.4130934,118
4,28.0589585,-82.4130824,119
4,28.0598532,-82.4130876,120
4,28.0599571,-82.4130871,121
4,28.0601587,-82.4130887,122
4,28.0608729,-82.4130856,123
4,28.0609107,-82.4130839,124
4,28.0609334,-82.4130856,125
4,28.0610705,-82.4130834,126
4,28.061116,-82.4131435,127
4,28.0611311,-82.4132207,128
4,28.061116,-82.4132979,129
4,28.0610705,-82.4133409,130
4,28.0609334,-82.4133516,131
4,28.060888,-82.4133516,132
4,28.0606409,-82.4133339,133
4,28.0602232,-82.4133381,134
4,28.0601581,-82.4133381,135
4,28.0600353,-82.4133385,136
4,28.059952,-82.4133385,137
4,28.0590457,-82.4133454,138
4,28.0573561,-82.4133319,139
4,28.0572235,-82.4133327,140
4,28.0572224,-82.4134684,141
4,28.0572531,-82.4140533,142
4,28.0572966,-82.4143149,143
4,28.057381,-82.414652,144
4,28.0575265,-82.415002,145
4,28.0575568,-82.4150706,146
4,28.0577023,-82.4154056,147
4,28.0578225,-82.4156875,148
4,28.0578742,-82.4158128,149
4,28.0578967,-82.4158758,150
4,28.057928,-82.4159633,151
4,28.0579509,-82.4160942,152
4,28.0579719,-82.416124,153
4,28.0580181,-82.4163535,154
4,28.0580377,-82.4165384,155
4,28.0580467,-82.416623,156
4,28.0580636,-82.4167827,157
4,28.0580899,-82.417233,158
4,28.0580861,-82.4176277,159
4,28.0580866,-82.4176938,160
4,28.0581507,-82.4176948,161
4,28.0590284,-82.4177017,162
4,28.0591386,-82.4177073,163
4,28.0592529,-82.417709,164
4,28.0595,-82.4177132,165
4,28.0601741,-82.4177218,166
4,28.0603432,-82.4177264,167
4,28.0603994,-82.417721,168
4,28.0607478,-82.417721,169
4,28.0608614,-82.4177639,170
4,28.060922,-82.4178239,171
4,28.0609675,-82.4179012,172
4,28.0609978,-82.417987,173
4,28.061028,-82.41809,174
4,28.061028,-82.4184934,175
4,28.061028,-82.4191764,176
4,28.061028,-82.4193946,177
4,28.0610432,-82.4194719,178
4,28.0610735,-82.4195491,179
4,28.0610937,-82.4195863,180
4,28.0611341,-82.4196607,181
4,28.0612455,-82.4195959,182
4,28.0612506,-82.4196079,183
4,28.0615064,-82.4194613,184
4,28.0617714,-82.419413,185
4,28.0620081,-82.4194077,186
4,28.0622685,-82.4194291,187
4,28.0625626,-82.4195096,188
4,28.0626286,-82.4195285,189
4,28.0626137,-82.4194023,190
4,28.0626141,-82.4192197,191
4,28.0626361,-82.4191251,192
4,28.0626597,-82.419071,193
4,28.0626664,-82.4190307,194
4,28.0627573,-82.4189449,195
4,28.063144,-82.418951,196
4,28.0632269,-82.4189523,197
4,28.0637587,-82.4189481,198
4,28.0637954,-82.4189479,199
4,28.0638645,-82.418957,200
4,28.0638971,-82.4189489,201
4,28.0639239,-82.4189492,202
4,28.06398,-82.4189492,203
4,28.0640043,-82.4189492,204
4,28.0640091,-82.4189127,205
4,28.0640182,-82.4188906,206
4,28.0640399,-82.418863,207
4,28.0640596,-82.4188495,208
4,28.0640979,-82.4188401,209
4,28.0641363,-82.4188493,210
4,28.0641633,-82.41887,211
4,28.0641778,-82.4188904,212
4,28.0641899,-82.4189247,213
4,28.0641918,-82.4189483,214
4,28.0642155,-82.4189482,215
4,28.0645052,-82.4189473,216
4,28.0648507,-82.4189462,217
4,28.0648885,-82.4189456,218
4,28.0650164,-82.4189463,219
4,28.0650202,-82.4189455,220
4,28.0653549,-82.4189453,221
4,28.0654344,-82.4189452,222
4,28.0659679,-82.4189449,223
4,28.0660217,-82.4189449,224
4,28.0660191,-82.4188595,225
4,28.0660141,-82.418696,226
4,28.0659914,-82.4185415,227
4,28.0659232,-82.4183612,228
4,28.065794,-82.418131,229
4,28.0656733,-82.4180179,230
4,28.0656069,-82.417969,231
4,28.0656609,-82.4178752,232
4,28.0658117,-82.4176132,233
4,28.0658211,-82.4175969,234
4,28.0658992,-82.4176103,235
4,28.0659489,-82.4176612,236
4,28.0659939,-82.4176826,237
4,28.0664176,-82.41768,238
4,28.0666637,-82.417677,239
4,28.0668531,-82.4176505,240
4,28.0671039,-82.4176547,241
4,28.0671749,-82.4176559,242
4,28.0672643,-82.417688,243
4,28.0673476,-82.4177824,244
4,28.0674227,-82.4179031,245
4,28.067439,-82.4179292,246
4,28.0677081,-82.4177442,247
4,28.0677636,-82.4176574,248
4,28.0678021,-82.4175662,249
4,28.0678242,-82.4172884,250
4,28.0678242,-82.4171367,251
4,28.0678242,-82.416859,252
4,28.0678242,-82.416505,253
4,28.0678255,-82.4160802,254
4,28.0678242,-82.4159779,255
4,28.0678242,-82.4158893,256
4,28.0678166,-82.4158035,257
4,28.067809,-82.4157262,258
4,28.0677333,-82.4154773,259
4,28.067703,-82.4153743,260
4,28.0676811,-82.4152242,261
4,28.0676801,-82.4149951,262
4,28.0677002,-82.4148343,263
4,28.0676795,-82.4148447,264
4,28.0676791,-82.4147428,265
4,28.0676776,-82.4143857,266
4,28.0676775,-82.4143085,267
4,28.06767,-82.4140081,268
4,28.0676722,-82.4133495,269
4,28.0676727,-82.4132114,270
4,28.0675549,-82.4132121,271
4,28.06713,-82.4132128,272
4,28.0670641,-82.4132129,273
4,28.066976,-82.4132153,274
4,28.0665871,-82.4132141,275
4,28.0663121,-82.4132133,276
4,28.0658358,-82.413212,277
4,28.065742,-82.4132162,278
4,28.0656763,-82.4132162,279
4,28.065164,-82.4132176,280
4,28.0650655,-82.4132176,281
4,28.0649822,-82.4132434,282
4,28.064928,-82.413326,283
4,28.0648989,-82.4134065,284
4,28.0649064,-82.4138957,285
4,28.0648218,-82.4138993,286
4,28.0644765,-82.413914,287
4,28.0644354,-82.4139737,288
4,28.064355,-82.4140313,289
4,28.0642816,-82.4140394,290
4,28.0642236,-82.4140139,291
4,28.0642239,-82.4139482,292
4,28.0642248,-82.4137255,293
4,28.0642975,-82.4137242,294
4,28.0642889,-82.4137326,295
