shape_id,shape_pt_lat,shape_pt_lon,shape_pt_sequence
0,28.0644665,-82.4139140,0
0,28.0644354,-82.4139737,1
0,28.0643550,-82.4140313,2
0,28.0642816,-82.4140394,3
0,28.0642236,-82.4140139,4
0,28.0642239,-82.4139482,5
0,28.0642248,-82.4137255,6
0,28.0642875,-82.4137242,7
0,28.0643834,-82.4137725,8
0,28.0644567,-82.4138476,9
0,28.0644665,-82.4139140,10
0,28.0648964,-82.4138957,11
0,28.0648118,-82.4138993,12
0,28.0644665,-82.4139140,13
0,28.0648964,-82.4138957,14
0,28.0648889,-82.4134065,15
0,28.0649180,-82.4133260,16
0,28.0649722,-82.4132434,17
0,28.0650555,-82.4132176,18
0,28.0651540,-82.4132176,19
0,28.0651540,-82.4132176,20
0,28.0656663,-82.4132162,21
0,28.0657420,-82.4132162,22
0,28.0658358,-82.4132120,23
0,28.0663121,-82.4132133,24
0,28.0665871,-82.4132141,25
0,28.0669760,-82.4132153,26
0,28.0670641,-82.4132129,27
0,28.0671300,-82.4132128,28
0,28.0675549,-82.4132121,29
0,28.0676727,-82.4132114,30
0,28.0656663,-82.4132162,31
0,28.0657420,-82.4132162,32
0,28.0674390,-82.4179292,33
0,28.0677081,-82.4177442,34
0,28.0677636,-82.4176574,35
0,28.0678021,-82.4175662,36
0,28.0678242,-82.4172884,37
0,28.0678242,-82.4171367,38
0,28.0678242,-82.4168590,39
0,28.0678242,-82.4165050,40
0,28.0678242,-82.4159779,41
0,28.0678242,-82.4158893,42
0,28.0678166,-82.4158035,43
0,28.0678090,-82.4157262,44
0,28.0677333,-82.4154773,45
0,28.0677030,-82.4153743,46
0,28.0676811,-82.4152242,47
0,28.0676801,-82.4149951,48
0,28.0676795,-82.4148447,49
0,28.0676791,-82.4147428,50
0,28.0676776,-82.4143857,51
0,28.0676775,-82.4143085,52
0,28.0676700,-82.4140081,53
0,28.0676722,-82.4133495,54
0,28.0676727,-82.4132114,55
0,28.0671039,-82.4176547,56
0,28.0671749,-82.4176559,57
0,28.0672643,-82.4176880,58
0,28.0673476,-82.4177824,59
0,28.0674227,-82.4179031,60
0,28.0674390,-82.4179292,61
0,28.0658992,-82.4176103,62
0,28.0659489,-82.4176612,63
0,28.0659939,-82.4176826,64
0,28.0664176,-82.4176800,65
0,28.0666637,-82.4176770,66
0,28.0668531,-82.4176505,67
0,28.0671039,-82.4176547,68
0,28.0656069,-82.4179690,69
0,28.0656609,-82.4178752,70
0,28.0658117,-82.4176132,71
0,28.0658211,-82.4175969,72
0,28.0658992,-82.4176103,73
0,28.0660217,-82.4189449,74
0,28.0660191,-82.4188595,75
0,28.0660141,-82.4186960,76
0,28.0659914,-82.4185415,77
0,28.0659232,-82.4183612,78
0,28.0657940,-82.4181310,79
0,28.0656733,-82.4180179,80
0,28.0656069,-82.4179690,81
0,28.0641918,-82.4189483,82
0,28.0642155,-82.4189482,83
0,28.0645052,-82.4189473,84
0,28.0648507,-82.4189462,85
0,28.0648885,-82.4189456,86
0,28.0650202,-82.4189455,87
0,28.0653549,-82.4189453,88
0,28.0654344,-82.4189452,89
0,28.0659679,-82.4189449,90
0,28.0660217,-82.4189449,91
0,28.0649089,-82.4190230,92
0,28.0639239,-82.4189492,93
0,28.0639279,-82.4189492,94
0,28.0639800,-82.4189492,95
0,28.0640043,-82.4189492,96
0,28.0641918,-82.4189483,97
0,28.0641790,-82.4190000,98
0,28.0641580,-82.4190282,99
0,28.0641434,-82.4190394,100
0,28.0641058,-82.4190523,101
0,28.0640654,-82.4190460,102
0,28.0640350,-82.4190250,103
0,28.0640183,-82.4190024,104
0,28.0640063,-82.4189681,105
0,28.0640043,-82.4189492,106
0,28.0637954,-82.4189479,107
0,28.0638971,-82.4189489,108
0,28.0639239,-82.4189492,109
0,28.0626286,-82.4195285,110
0,28.0626137,-82.4194023,111
0,28.0626141,-82.4192197,112
0,28.0626361,-82.4191251,113
0,28.0626664,-82.4190307,114
0,28.0627573,-82.4189449,115
0,28.0631440,-82.4189510,116
0,28.0632269,-82.4189523,117
0,28.0637587,-82.4189481,118
0,28.0637954,-82.4189479,119
0,28.0626286,-82.4195285,120
0,28.0625626,-82.4195096,121
0,28.0622685,-82.4194291,122
0,28.0620081,-82.4194077,123
0,28.0617714,-82.4194130,124
0,28.0615064,-82.4194613,125
0,28.0612455,-82.4195959,126
0,28.0611341,-82.4196607,127
0,28.0610280,-82.4191764,128
0,28.0610280,-82.4193946,129
0,28.0610432,-82.4194719,130
0,28.0610735,-82.4195491,131
0,28.0610937,-82.4195863,132
0,28.0611341,-82.4196607,133
0,28.0607478,-82.4177210,134
0,28.0608614,-82.4177639,135
0,28.0609220,-82.4178239,136
0,28.0609675,-82.4179012,137
0,28.0609978,-82.4179870,138
0,28.0610280,-82.4180900,139
0,28.0610280,-82.4184934,140
0,28.0610280,-82.4191764,141
0,28.0607478,-82.4177210,142
0,28.0603994,-82.4177210,143
0,28.0601741,-82.4177218,144
0,28.0595000,-82.4177132,145
0,28.0592529,-82.4177090,146
0,28.0591386,-82.4177073,147
0,28.0590284,-82.4177017,148
0,28.0581507,-82.4176948,149
0,28.0580866,-82.4176938,150
0,28.0580866,-82.4176938,151
0,28.0580861,-82.4176277,152
0,28.0580899,-82.4172330,153
0,28.0580636,-82.4167827,154
0,28.0580467,-82.4166230,155
0,28.0580377,-82.4165384,156
0,28.0580181,-82.4163535,157
0,28.0579719,-82.4161240,158
0,28.0579280,-82.4159633,159
0,28.0578967,-82.4158758,160
0,28.0578742,-82.4158128,161
0,28.0578225,-82.4156875,162
0,28.0577390,-82.4159423,163
0,28.0578225,-82.4156875,164
0,28.0577023,-82.4154056,165
0,28.0575568,-82.4150706,166
0,28.0575265,-82.4150020,167
0,28.0573810,-82.4146520,168
0,28.0572966,-82.4143149,169
0,28.0572531,-82.4140533,170
0,28.0572224,-82.4134684,171
0,28.0572235,-82.4133327,172
0,28.0572235,-82.4133327,173
0,28.0572069,-82.4131004,174
0,28.0572069,-82.4131004,175
0,28.0573536,-82.4130997,176
0,28.0580326,-82.4130964,177
0,28.0586688,-82.4130934,178
0,28.0598532,-82.4130876,179
0,28.0599571,-82.4130871,180
0,28.0601587,-82.4130887,181
0,28.0601581,-82.4133381,182
0,28.0600353,-82.4133385,183
0,28.0599520,-82.4133385,184
0,28.0590457,-82.4133454,185
0,28.0573561,-82.4133319,186
0,28.0572235,-82.4133327,187
0,28.0601587,-82.4130887,188
0,28.0608729,-82.4130856,189
0,28.0608880,-82.4133516,190
0,28.0602232,-82.4133381,191
0,28.0601581,-82.4133381,192
0,28.0608729,-82.4130856,193
0,28.0609107,-82.4130839,194
0,28.0609334,-82.4130856,195
0,28.0610705,-82.4130834,196
0,28.0611160,-82.4131435,197
0,28.0611311,-82.4132207,198
0,28.0611311,-82.4132207,199
0,28.0611160,-82.4132979,200
0,28.0610705,-82.4133409,201
0,28.0609334,-82.4133516,202
0,28.0608880,-82.4133516,203
0,28.0572069,-82.4131004,204
0,28.0572075,-82.4129613,205
0,28.0572417,-82.4114377,206
0,28.0572342,-82.4109141,207
0,28.0572342,-82.4109141,208
0,28.0571887,-82.4105279,209
0,28.0571582,-82.4099013,210
0,28.0571357,-82.4094722,211
0,28.0571205,-82.4092919,212
0,28.0570827,-82.4090774,213
0,28.0570277,-82.4088784,214
0,28.0570378,-82.4089223,215
0,28.0569881,-82.4087641,216
0,28.0569420,-82.4086537,217
0,28.0569420,-82.4086537,218
0,28.0568910,-82.4085549,219
0,28.0568857,-82.4085538,220
0,28.0567570,-82.4082791,221
0,28.0566434,-82.4080045,222
0,28.0566055,-82.4078671,223
0,28.0565676,-82.4076611,224
0,28.0565449,-82.4073092,225
0,28.0565231,-82.4069235,226
0,28.0564388,-82.4054295,227
0,28.0567220,-82.4083518,228
0,28.0565828,-82.4054639,229
0,28.0564388,-82.4054295,230
0,28.0599902,-82.4050750,231
0,28.0599003,-82.4051206,232
0,28.0597185,-82.4052064,233
0,28.0596616,-82.4052126,234
0,28.0594837,-82.4052321,235
0,28.0589762,-82.4052321,236
0,28.0589188,-82.4052327,237
0,28.0585578,-82.4052365,238
0,28.0580370,-82.4053351,239
0,28.0577672,-82.4054178,240
0,28.0576853,-82.4054429,241
0,28.0576095,-82.4054590,242
0,28.0575147,-82.4054829,243
0,28.0574538,-82.4054982,244
0,28.0572114,-82.4055240,245
0,28.0569499,-82.4055152,246
0,28.0568981,-82.4055079,247
0,28.0565828,-82.4054639,248
0,28.0599902,-82.4050750,249
0,28.0599380,-82.4049545,250
0,28.0598000,-82.4046270,251
0,28.0597857,-82.4044828,252
0,28.0597859,-82.4035759,253
0,28.0597860,-82.4028523,254
0,28.0597782,-82.4027318,255
0,28.0663390,-82.4027670,256
0,28.0662507,-82.4027684,257
0,28.0656081,-82.4027674,258
0,28.0655178,-82.4027673,259
0,28.0645855,-82.4027614,260
0,28.0635759,-82.4027605,261
0,28.0619195,-82.4027528,262
0,28.0600191,-82.4027415,263
0,28.0598622,-82.4027326,264
0,28.0597782,-82.4027318,265
0,28.0659845,-82.4041464,266
0,28.0662330,-82.4034030,267
0,28.0663390,-82.4027670,268
0,28.0657826,-82.4049209,269
0,28.0658584,-82.4046119,270
0,28.0659845,-82.4041464,271
0,28.0657111,-82.4080873,272
0,28.0657080,-82.4079204,273
0,28.0657095,-82.4073893,274
0,28.0657098,-82.4072595,275
0,28.0657092,-82.4069135,276
0,28.0657026,-82.4059338,277
0,28.0657010,-82.4056975,278
0,28.0657086,-82.4055516,279
0,28.0657313,-82.4052426,280
0,28.0657826,-82.4049209,281
0,28.0657950,-82.4074325,282
0,28.0657111,-82.4080873,283
0,28.0658225,-82.4080709,284
0,28.0664717,-82.4079635,285
0,28.0675944,-82.4077809,286
0,28.0676218,-82.4077750,287
0,28.0676218,-82.4077750,288
0,28.0676228,-82.4076683,289
0,28.0675305,-82.4076200,290
0,28.0674973,-82.4075234,291
0,28.0675186,-82.4074349,292
0,28.0675802,-82.4073813,293
0,28.0676702,-82.4073798,294
0,28.0677308,-82.4074313,295
0,28.0677690,-82.4075317,296
0,28.0677239,-82.4076158,297
0,28.0676559,-82.4076656,298
0,28.0676550,-82.4077746,299
0,28.0678411,-82.4076373,300
0,28.0657109,-82.4107053,301
0,28.0657109,-82.4106221,302
0,28.0657114,-82.4093393,303
0,28.0657118,-82.4092181,304
0,28.0657118,-82.4082780,305
0,28.0657111,-82.4080873,306
0,28.0658060,-82.4120271,307
0,28.0657109,-82.4107053,308
0,28.0657335,-82.4114205,309
0,28.0657420,-82.4117228,310
0,28.0657420,-82.4117962,311
0,28.0657420,-82.4125296,312
0,28.0657420,-82.4131150,313
0,28.0657420,-82.4132162,314
1,28.0580922,-82.4208818,0
1,28.0580899,-82.4200569,1
1,28.0580938,-82.4199318,2
1,28.0580952,-82.4229479,3
1,28.0580929,-82.4213805,4
1,28.0580922,-82.4208818,5
1,28.0578500,-82.4230895,6
1,28.0571242,-82.4229538,7
1,28.0572075,-82.4229624,8
1,28.0580043,-82.4229479,9
1,28.0580952,-82.4229479,10
1,28.0569817,-82.4250486,11
1,28.0569879,-82.4231855,12
1,28.0569954,-82.4230911,13
1,28.0570485,-82.4229881,14
1,28.0571242,-82.4229538,15
1,28.0569746,-82.4259820,16
1,28.0569698,-82.4258613,17
1,28.0569817,-82.4250486,18
1,28.0569982,-82.4261751,19
1,28.0569982,-82.4268430,20
1,28.0569888,-82.4270710,21
1,28.0569678,-82.4275795,22
1,28.0569653,-82.4280627,23
1,28.0569570,-82.4296525,24
1,28.0569579,-82.4305648,25
1,28.0569982,-82.4261751,26
1,28.0569746,-82.4259820,27
1,28.0570359,-82.4281330,28
1,28.0569579,-82.4305648,29
1,28.0575790,-82.4305648,30
1,28.0579880,-82.4305734,31
1,28.0583317,-82.4311714,32
1,28.0583660,-82.4312320,33
1,28.0587060,-82.4320980,34
1,28.0588254,-82.4324916,35
1,28.0588254,-82.4324916,36
1,28.0587524,-82.4325696,37
1,28.0586975,-82.4326606,38
1,28.0586975,-82.4330871,39
1,28.0587094,-82.4334760,40
1,28.0587023,-82.4335833,41
1,28.0586313,-82.4336933,42
1,28.0585958,-82.4337871,43
1,28.0586360,-82.4338595,44
1,28.0591899,-82.4338542,45
1,28.0591946,-82.4356322,46
1,28.0598780,-82.4345610,47
1,28.0598600,-82.4355430,48
1,28.0598250,-82.4356250,49
1,28.0594369,-82.4356333,50
1,28.0594480,-82.4356290,51
1,28.0591946,-82.4356322,52
1,28.0587290,-82.4356380,53
1,28.0586840,-82.4359820,54
1,28.0586335,-82.4360896,55
1,28.0581610,-82.4370960,56
1,28.0581210,-82.4374420,57
1,28.0581170,-82.4377703,58
1,28.0581170,-82.4377703,59
1,28.0575070,-82.4377809,60
1,28.0575141,-82.4361958,61
1,28.0575803,-82.4360831,62
1,28.0575922,-82.4358578,63
1,28.0578596,-82.4358632,64
1,28.0579022,-82.4358202,65
1,28.0579661,-82.4357693,66
1,28.0579614,-82.4349324,67
1,28.0587236,-82.4349378,68
1,28.0587290,-82.4356380,69
1,28.0587290,-82.4356380,70
1,28.0587070,-82.4357280,71
1,28.0586840,-82.4359820,72
1,28.0615659,-82.4344950,73
1,28.0655351,-82.4345894,74
1,28.0605618,-82.4345660,75
1,28.0605618,-82.4345660,76
1,28.0598780,-82.4345610,77
1,28.0635941,-82.4344850,78
1,28.0655351,-82.4345894,79
1,28.0655280,-82.4335594,80
1,28.0655209,-82.4330900,81
1,28.0655232,-82.4325107,82
1,28.0655236,-82.4320994,83
1,28.0655260,-82.4315657,84
1,28.0655280,-82.4314753,85
1,28.0655264,-82.4307911,86
1,28.0655256,-82.4304346,87
1,28.0655256,-82.4304346,88
1,28.0658386,-82.4304338,89
1,28.0664889,-82.4304320,90
1,28.0664889,-82.4304320,91
1,28.0673624,-82.4304351,92
1,28.0673624,-82.4304351,93
1,28.0673529,-82.4294105,94
1,28.0655264,-82.4294278,95
1,28.0664142,-82.4294194,96
1,28.0673529,-82.4294105,97
1,28.0655256,-82.4304346,98
1,28.0655232,-82.4303113,99
1,28.0655264,-82.4294278,100
1,28.0655264,-82.4294278,101
1,28.0655340,-82.4283892,102
1,28.0655688,-82.4273285,103
1,28.0655711,-82.4261564,104
1,28.0655456,-82.4259609,105
1,28.0655456,-82.4259609,106
1,28.0655478,-82.4256974,107
1,28.0655478,-82.4254828,108
1,28.0655820,-82.4252450,109
1,28.0656170,-82.4250924,110
1,28.0656766,-82.4249164,111
1,28.0657111,-82.4248544,112
1,28.0658303,-82.4246920,113
1,28.0659568,-82.4244529,114
1,28.0660174,-82.4242555,115
1,28.0660401,-82.4240495,116
1,28.0660401,-82.4236032,117
1,28.0661097,-82.4235501,118
1,28.0660217,-82.4204813,119
1,28.0660247,-82.4203542,120
1,28.0660250,-82.4190574,121
1,28.0660217,-82.4189449,122
1,28.0654260,-82.4179792,123
1,28.0650025,-82.4165440,124
1,28.0656069,-82.4179690,125
1,28.0655218,-82.4179063,126
1,28.0654859,-82.4178804,127
1,28.0653552,-82.4177862,128
1,28.0651810,-82.4175973,129
1,28.0650510,-82.4173700,130
1,28.0649765,-82.4172369,131
1,28.0649380,-82.4171059,132
1,28.0649159,-82.4170309,133
1,28.0648930,-82.4168100,134
1,28.0648931,-82.4166852,135
1,28.0648925,-82.4165662,136
1,28.0648932,-82.4164449,137
1,28.0648938,-82.4162826,138
1,28.0648944,-82.4161272,139
1,28.0648964,-82.4155608,140
1,28.0648951,-82.4153359,141
1,28.0648934,-82.4150247,142
1,28.0648936,-82.4147197,143
1,28.0648925,-82.4145894,144
1,28.0648935,-82.4145271,145
1,28.0648954,-82.4143821,146
1,28.0648947,-82.4142647,147
1,28.0648964,-82.4138957,148
1,28.0660217,-82.4189449,149
1,28.0660191,-82.4188595,150
1,28.0660141,-82.4186960,151
1,28.0659914,-82.4185415,152
1,28.0659232,-82.4183612,153
1,28.0657940,-82.4181310,154
1,28.0656733,-82.4180179,155
1,28.0656069,-82.4179690,156
1,28.0644665,-82.4139140,157
1,28.0644354,-82.4139737,158
1,28.0643550,-82.4140313,159
1,28.0642816,-82.4140394,160
1,28.0642236,-82.4140139,161
1,28.0642239,-82.4139482,162
1,28.0642248,-82.4137255,163
1,28.0642875,-82.4137242,164
1,28.0643834,-82.4137725,165
1,28.0644567,-82.4138476,166
1,28.0644665,-82.4139140,167
1,28.0648964,-82.4138957,168
1,28.0648118,-82.4138993,169
1,28.0644665,-82.4139140,170
1,28.0578225,-82.4156875,171
1,28.0577023,-82.4154056,172
1,28.0575568,-82.4150706,173
1,28.0575265,-82.4150020,174
1,28.0573810,-82.4146520,175
1,28.0572966,-82.4143149,176
1,28.0572531,-82.4140533,177
1,28.0572224,-82.4134684,178
1,28.0572235,-82.4133327,179
1,28.0580938,-82.4199318,180
1,28.0580920,-82.4197684,181
1,28.0580899,-82.4178167,182
1,28.0580866,-82.4176938,183
1,28.0577390,-82.4159423,184
1,28.0580510,-82.4178021,185
1,28.0572235,-82.4133327,186
1,28.0572069,-82.4131004,187
1,28.0572069,-82.4131004,188
1,28.0573536,-82.4130997,189
1,28.0580326,-82.4130964,190
1,28.0586688,-82.4130934,191
1,28.0598532,-82.4130876,192
1,28.0599571,-82.4130871,193
1,28.0601587,-82.4130887,194
1,28.0601581,-82.4133381,195
1,28.0600353,-82.4133385,196
1,28.0599520,-82.4133385,197
1,28.0590457,-82.4133454,198
1,28.0573561,-82.4133319,199
1,28.0572235,-82.4133327,200
1,28.0608729,-82.4130856,201
1,28.0609107,-82.4130839,202
1,28.0609334,-82.4130856,203
1,28.0610705,-82.4130834,204
1,28.0611160,-82.4131435,205
1,28.0611311,-82.4132207,206
1,28.0601587,-82.4130887,207
1,28.0608729,-82.4130856,208
1,28.0608880,-82.4133516,209
1,28.0602232,-82.4133381,210
1,28.0601581,-82.4133381,211
1,28.0611311,-82.4132207,212
1,28.0611160,-82.4132979,213
1,28.0610705,-82.4133409,214
1,28.0609334,-82.4133516,215
1,28.0608880,-82.4133516,216
1,28.0660401,-82.4236032,217
1,28.0660226,-82.4206280,218
1,28.0660217,-82.4204813,219
1,28.0656649,-82.4247330,220
1,28.0580866,-82.4176938,221
1,28.0580861,-82.4176277,222
1,28.0580899,-82.4172330,223
1,28.0580636,-82.4167827,224
1,28.0580467,-82.4166230,225
1,28.0580377,-82.4165384,226
1,28.0580181,-82.4163535,227
1,28.0579719,-82.4161240,228
1,28.0579280,-82.4159633,229
1,28.0578967,-82.4158758,230
1,28.0578742,-82.4158128,231
1,28.0578225,-82.4156875,232
2,28.0674247,-82.4254607,0
2,28.0675837,-82.4254584,1
2,28.0686061,-82.4254436,2
2,28.0686003,-82.4243449,3
2,28.0686000,-82.4242843,4
2,28.0686038,-82.4242074,5
2,28.0686076,-82.4241298,6
2,28.0686531,-82.4239925,7
2,28.0687212,-82.4238981,8
2,28.0687667,-82.4237865,9
2,28.0687894,-82.4236406,10
2,28.0687963,-82.4235290,11
2,28.0688040,-82.4234060,12
2,28.0687919,-82.4229115,13
2,28.0687919,-82.4229115,14
2,28.0690712,-82.4228954,15
2,28.0690712,-82.4228954,16
2,28.0690664,-82.4217126,17
2,28.0690688,-82.4209615,18
2,28.0690617,-82.4205914,19
2,28.0690641,-82.4204761,20
2,28.0677139,-82.4204809,21
2,28.0661235,-82.4204813,22
2,28.0660217,-82.4204813,23
2,28.0673111,-82.4250831,24
2,28.0671040,-82.4248580,25
2,28.0668840,-82.4247110,26
2,28.0668112,-82.4245423,27
2,28.0667658,-82.4244136,28
2,28.0667506,-82.4243535,29
2,28.0667560,-82.4243040,30
2,28.0667799,-82.4241645,31
2,28.0667961,-82.4240703,32
2,28.0668127,-82.4240096,33
2,28.0668127,-82.4239066,34
2,28.0668051,-82.4237865,35
2,28.0667970,-82.4237281,36
2,28.0667824,-82.4236234,37
2,28.0673111,-82.4250831,38
2,28.0673868,-82.4251603,39
2,28.0674095,-82.4252461,40
2,28.0674247,-82.4254607,41
2,28.0660401,-82.4236032,42
2,28.0662280,-82.4236154,43
2,28.0662825,-82.4236117,44
2,28.0663431,-82.4235805,45
2,28.0664098,-82.4235295,46
2,28.0664946,-82.4235032,47
2,28.0665627,-82.4235259,48
2,28.0666157,-82.4235633,49
2,28.0666763,-82.4235977,50
2,28.0667824,-82.4236234,51
2,28.0646248,-82.4235664,52
2,28.0648899,-82.4235646,53
2,28.0651247,-82.4235990,54
2,28.0652006,-82.4235969,55
2,28.0652460,-82.4235956,56
2,28.0654352,-82.4235904,57
2,28.0660401,-82.4236032,58
2,28.0646248,-82.4235664,59
2,28.0642320,-82.4235690,60
2,28.0642083,-82.4236419,61
2,28.0642083,-82.4237363,62
2,28.0642840,-82.4237792,63
2,28.0643522,-82.4237535,64
2,28.0646248,-82.4235664,65
2,28.0660401,-82.4236032,66
2,28.0660226,-82.4206280,67
2,28.0660217,-82.4204813,68
2,28.0660217,-82.4204813,69
2,28.0660247,-82.4203542,70
2,28.0660250,-82.4190574,71
2,28.0660217,-82.4189449,72
2,28.0660217,-82.4189449,73
2,28.0660191,-82.4188595,74
2,28.0660141,-82.4186960,75
2,28.0659914,-82.4185415,76
2,28.0659232,-82.4183612,77
2,28.0657940,-82.4181310,78
2,28.0656733,-82.4180179,79
2,28.0656069,-82.4179690,80
2,28.0656069,-82.4179690,81
2,28.0656609,-82.4178752,82
2,28.0658117,-82.4176132,83
2,28.0658211,-82.4175969,84
2,28.0658992,-82.4176103,85
2,28.0658992,-82.4176103,86
2,28.0659489,-82.4176612,87
2,28.0659939,-82.4176826,88
2,28.0664176,-82.4176800,89
2,28.0666637,-82.4176770,90
2,28.0668531,-82.4176505,91
2,28.0671039,-82.4176547,92
2,28.0671039,-82.4176547,93
2,28.0671749,-82.4176559,94
2,28.0672643,-82.4176880,95
2,28.0673476,-82.4177824,96
2,28.0674227,-82.4179031,97
2,28.0674390,-82.4179292,98
2,28.0674390,-82.4179292,99
2,28.0677081,-82.4177442,100
2,28.0677636,-82.4176574,101
2,28.0678021,-82.4175662,102
2,28.0678242,-82.4172884,103
2,28.0678242,-82.4171367,104
2,28.0678242,-82.4168590,105
2,28.0678242,-82.4165050,106
2,28.0678242,-82.4159779,107
2,28.0678242,-82.4158893,108
2,28.0678166,-82.4158035,109
2,28.0678090,-82.4157262,110
2,28.0677333,-82.4154773,111
2,28.0677030,-82.4153743,112
2,28.0676811,-82.4152242,113
2,28.0676801,-82.4149951,114
2,28.0676795,-82.4148447,115
2,28.0676791,-82.4147428,116
2,28.0676776,-82.4143857,117
2,28.0676775,-82.4143085,118
2,28.0676700,-82.4140081,119
2,28.0676722,-82.4133495,120
2,28.0676727,-82.4132114,121
2,28.0657420,-82.4132162,122
2,28.0658358,-82.4132120,123
2,28.0663121,-82.4132133,124
2,28.0665871,-82.4132141,125
2,28.0669760,-82.4132153,126
2,28.0670641,-82.4132129,127
2,28.0671300,-82.4132128,128
2,28.0675549,-82.4132121,129
2,28.0676727,-82.4132114,130
2,28.0651540,-82.4132176,131
2,28.0656663,-82.4132162,132
2,28.0648964,-82.4138957,133
2,28.0648889,-82.4134065,134
2,28.0649180,-82.4133260,135
2,28.0649722,-82.4132434,136
2,28.0650555,-82.4132176,137
2,28.0651540,-82.4132176,138
2,28.0648964,-82.4138957,139
2,28.0648118,-82.4138993,140
2,28.0644665,-82.4139140,141
2,28.0644665,-82.4139140,142
2,28.0644354,-82.4139737,143
2,28.0643550,-82.4140313,144
2,28.0642816,-82.4140394,145
2,28.0642236,-82.4140139,146
2,28.0642239,-82.4139482,147
2,28.0642248,-82.4137255,148
2,28.0642875,-82.4137242,149
2,28.0643834,-82.4137725,150
2,28.0644567,-82.4138476,151
2,28.0644665,-82.4139140,152
2,28.0656069,-82.4179690,153
2,28.0655218,-82.4179063,154
2,28.0654859,-82.4178804,155
2,28.0653552,-82.4177862,156
2,28.0651810,-82.4175973,157
2,28.0650510,-82.4173700,158
2,28.0649765,-82.4172369,159
2,28.0649380,-82.4171059,160
2,28.0649159,-82.4170309,161
2,28.0648930,-82.4168100,162
2,28.0648931,-82.4166852,163
2,28.0648925,-82.4165662,164
2,28.0648932,-82.4164449,165
2,28.0648938,-82.4162826,166
2,28.0648944,-82.4161272,167
2,28.0648964,-82.4155608,168
2,28.0648951,-82.4153359,169
2,28.0648934,-82.4150247,170
2,28.0648936,-82.4147197,171
2,28.0648925,-82.4145894,172
2,28.0648935,-82.4145271,173
2,28.0648954,-82.4143821,174
2,28.0648947,-82.4142647,175
2,28.0648964,-82.4138957,176
2,28.0654260,-82.4179792,177
2,28.0656663,-82.4132162,178
2,28.0657420,-82.4132162,179
2,28.0656663,-82.4132162,180
2,28.0657420,-82.4132162,181
3,28.0648964,-82.4138957,0
3,28.0648118,-82.4138993,1
3,28.0644665,-82.4139140,2
3,28.0644665,-82.4139140,3
3,28.0644354,-82.4139737,4
3,28.0643550,-82.4140313,5
3,28.0642816,-82.4140394,6
3,28.0642236,-82.4140139,7
3,28.0642239,-82.4139482,8
3,28.0642248,-82.4137255,9
3,28.0642875,-82.4137242,10
3,28.0643834,-82.4137725,11
3,28.0644567,-82.4138476,12
3,28.0644665,-82.4139140,13
3,28.0648964,-82.4138957,14
3,28.0648889,-82.4134065,15
3,28.0649180,-82.4133260,16
3,28.0649722,-82.4132434,17
3,28.0650555,-82.4132176,18
3,28.0651540,-82.4132176,19
3,28.0656663,-82.4132162,20
3,28.0657420,-82.4132162,21
3,28.0656663,-82.4132162,22
3,28.0656648,-82.4131127,23
3,28.0656587,-82.4125296,24
3,28.0656656,-82.4117907,25
3,28.0656662,-82.4117219,26
3,28.0657109,-82.4107053,27
3,28.0657109,-82.4107053,28
3,28.0657109,-82.4106221,29
3,28.0657114,-82.4093393,30
3,28.0657118,-82.4092181,31
3,28.0657118,-82.4082780,32
3,28.0657111,-82.4080873,33
3,28.0657111,-82.4080873,34
3,28.0658225,-82.4080709,35
3,28.0664717,-82.4079635,36
3,28.0675944,-82.4077809,37
3,28.0676218,-82.4077750,38
3,28.0676218,-82.4077750,39
3,28.0676228,-82.4076683,40
3,28.0675305,-82.4076200,41
3,28.0674973,-82.4075234,42
3,28.0675186,-82.4074349,43
3,28.0675802,-82.4073813,44
3,28.0676702,-82.4073798,45
3,28.0677308,-82.4074313,46
3,28.0677690,-82.4075317,47
3,28.0677239,-82.4076158,48
3,28.0676559,-82.4076656,49
3,28.0676550,-82.4077746,50
3,28.0676550,-82.4077746,51
3,28.0676218,-82.4077750,52
3,28.0656660,-82.4075048,53
3,28.0657111,-82.4080873,54
3,28.0657080,-82.4079204,55
3,28.0657095,-82.4073893,56
3,28.0657098,-82.4072595,57
3,28.0657092,-82.4069135,58
3,28.0657026,-82.4059338,59
3,28.0657010,-82.4056975,60
3,28.0657086,-82.4055516,61
3,28.0657313,-82.4052426,62
3,28.0657826,-82.4049209,63
3,28.0657826,-82.4049209,64
3,28.0658584,-82.4046119,65
3,28.0659845,-82.4041464,66
3,28.0659845,-82.4041464,67
3,28.0662330,-82.4034030,68
3,28.0663390,-82.4027670,69
3,28.0663390,-82.4027670,70
3,28.0662507,-82.4027684,71
3,28.0656081,-82.4027674,72
3,28.0655178,-82.4027673,73
3,28.0645855,-82.4027614,74
3,28.0635759,-82.4027605,75
3,28.0619195,-82.4027528,76
3,28.0600191,-82.4027415,77
3,28.0598622,-82.4027326,78
3,28.0597782,-82.4027318,79
3,28.0656070,-82.4028322,80
3,28.0599902,-82.4050750,81
3,28.0599380,-82.4049545,82
3,28.0598000,-82.4046270,83
3,28.0597857,-82.4044828,84
3,28.0597859,-82.4035759,85
3,28.0597860,-82.4028523,86
3,28.0597782,-82.4027318,87
3,28.0599902,-82.4050750,88
3,28.0599003,-82.4051206,89
3,28.0597185,-82.4052064,90
3,28.0596616,-82.4052126,91
3,28.0594837,-82.4052321,92
3,28.0589762,-82.4052321,93
3,28.0589188,-82.4052327,94
3,28.0585578,-82.4052365,95
3,28.0580370,-82.4053351,96
3,28.0577672,-82.4054178,97
3,28.0576853,-82.4054429,98
3,28.0576095,-82.4054590,99
3,28.0575147,-82.4054829,100
3,28.0574538,-82.4054982,101
3,28.0572114,-82.4055240,102
3,28.0569499,-82.4055152,103
3,28.0568981,-82.4055079,104
3,28.0565828,-82.4054639,105
3,28.0565828,-82.4054639,106
3,28.0566285,-82.4067231,107
3,28.0566358,-82.4069230,108
3,28.0566491,-82.4072487,109
3,28.0566509,-82.4072921,110
3,28.0566737,-82.4076182,111
3,28.0567115,-82.4078242,112
3,28.0567418,-82.4079186,113
3,28.0568630,-82.4082276,114
3,28.0569671,-82.4084493,115
3,28.0570188,-82.4085737,116
3,28.0570591,-82.4086702,117
3,28.0573207,-82.4096630,118
3,28.0570591,-82.4086702,119
3,28.0570970,-82.4087695,120
3,28.0570970,-82.4087695,121
3,28.0571475,-82.4089140,122
3,28.0571413,-82.4088699,123
3,28.0571811,-82.4090688,124
3,28.0572190,-82.4092919,125
3,28.0572417,-82.4094808,126
3,28.0572720,-82.4098927,127
3,28.0572720,-82.4105451,128
3,28.0572342,-82.4109141,129
3,28.0572069,-82.4131004,130
3,28.0572075,-82.4129613,131
3,28.0572417,-82.4114377,132
3,28.0572342,-82.4109141,133
3,28.0572069,-82.4131004,134
3,28.0573536,-82.4130997,135
3,28.0580326,-82.4130964,136
3,28.0586688,-82.4130934,137
3,28.0598532,-82.4130876,138
3,28.0599571,-82.4130871,139
3,28.0601587,-82.4130887,140
3,28.0601587,-82.4130887,141
3,28.0608729,-82.4130856,142
3,28.0608729,-82.4130856,143
3,28.0609107,-82.4130839,144
3,28.0609334,-82.4130856,145
3,28.0610705,-82.4130834,146
3,28.0611160,-82.4131435,147
3,28.0611311,-82.4132207,148
3,28.0611311,-82.4132207,149
3,28.0611160,-82.4132979,150
3,28.0610705,-82.4133409,151
3,28.0609334,-82.4133516,152
3,28.0608880,-82.4133516,153
3,28.0608880,-82.4133516,154
3,28.0602232,-82.4133381,155
3,28.0601581,-82.4133381,156
3,28.0601581,-82.4133381,157
3,28.0600353,-82.4133385,158
3,28.0599520,-82.4133385,159
3,28.0590457,-82.4133454,160
3,28.0573561,-82.4133319,161
3,28.0572235,-82.4133327,162
3,28.0578225,-82.4156875,163
3,28.0577023,-82.4154056,164
3,28.0575568,-82.4150706,165
3,28.0575265,-82.4150020,166
3,28.0573810,-82.4146520,167
3,28.0572966,-82.4143149,168
3,28.0572531,-82.4140533,169
3,28.0572224,-82.4134684,170
3,28.0572235,-82.4133327,171
3,28.0580866,-82.4176938,172
3,28.0580861,-82.4176277,173
3,28.0580899,-82.4172330,174
3,28.0580636,-82.4167827,175
3,28.0580467,-82.4166230,176
3,28.0580377,-82.4165384,177
3,28.0580181,-82.4163535,178
3,28.0579719,-82.4161240,179
3,28.0579280,-82.4159633,180
3,28.0578967,-82.4158758,181
3,28.0578742,-82.4158128,182
3,28.0578225,-82.4156875,183
3,28.0607478,-82.4177210,184
3,28.0603994,-82.4177210,185
3,28.0601741,-82.4177218,186
3,28.0595000,-82.4177132,187
3,28.0592529,-82.4177090,188
3,28.0591386,-82.4177073,189
3,28.0590284,-82.4177017,190
3,28.0581507,-82.4176948,191
3,28.0580866,-82.4176938,192
3,28.0607478,-82.4177210,193
3,28.0608614,-82.4177639,194
3,28.0609220,-82.4178239,195
3,28.0609675,-82.4179012,196
3,28.0609978,-82.4179870,197
3,28.0610280,-82.4180900,198
3,28.0610280,-82.4184934,199
3,28.0610280,-82.4191764,200
3,28.0610280,-82.4191764,201
3,28.0610280,-82.4193946,202
3,28.0610432,-82.4194719,203
3,28.0610735,-82.4195491,204
3,28.0610937,-82.4195863,205
3,28.0611341,-82.4196607,206
3,28.0626286,-82.4195285,207
3,28.0625626,-82.4195096,208
3,28.0622685,-82.4194291,209
3,28.0620081,-82.4194077,210
3,28.0617714,-82.4194130,211
3,28.0615064,-82.4194613,212
3,28.0612455,-82.4195959,213
3,28.0611341,-82.4196607,214
3,28.0625997,-82.4190210,215
3,28.0626286,-82.4195285,216
3,28.0626137,-82.4194023,217
3,28.0626141,-82.4192197,218
3,28.0626361,-82.4191251,219
3,28.0626664,-82.4190307,220
3,28.0627573,-82.4189449,221
3,28.0631440,-82.4189510,222
3,28.0632269,-82.4189523,223
3,28.0637587,-82.4189481,224
3,28.0637954,-82.4189479,225
3,28.0638645,-82.4189210,226
3,28.0637954,-82.4189479,227
3,28.0638971,-82.4189489,228
3,28.0639239,-82.4189492,229
3,28.0639239,-82.4189492,230
3,28.0639279,-82.4189492,231
3,28.0639800,-82.4189492,232
3,28.0640043,-82.4189492,233
3,28.0640043,-82.4189492,234
3,28.0640091,-82.4189127,235
3,28.0640182,-82.4188906,236
3,28.0640399,-82.4188630,237
3,28.0640596,-82.4188495,238
3,28.0640979,-82.4188401,239
3,28.0641363,-82.4188493,240
3,28.0641633,-82.4188700,241
3,28.0641778,-82.4188904,242
3,28.0641899,-82.4189247,243
3,28.0641918,-82.4189483,244
3,28.0641918,-82.4189483,245
3,28.0642155,-82.4189482,246
3,28.0645052,-82.4189473,247
3,28.0648507,-82.4189462,248
3,28.0648885,-82.4189456,249
3,28.0650202,-82.4189455,250
3,28.0653549,-82.4189453,251
3,28.0654344,-82.4189452,252
3,28.0659679,-82.4189449,253
3,28.0660217,-82.4189449,254
3,28.0660217,-82.4189449,255
3,28.0660191,-82.4188595,256
3,28.0660141,-82.4186960,257
3,28.0659914,-82.4185415,258
3,28.0659232,-82.4183612,259
3,28.0657940,-82.4181310,260
3,28.0656733,-82.4180179,261
3,28.0656069,-82.4179690,262
3,28.0656069,-82.4179690,263
3,28.0656609,-82.4178752,264
3,28.0658117,-82.4176132,265
3,28.0658211,-82.4175969,266
3,28.0658992,-82.4176103,267
3,28.0658992,-82.4176103,268
3,28.0659489,-82.4176612,269
3,28.0659939,-82.4176826,270
3,28.0664176,-82.4176800,271
3,28.0666637,-82.4176770,272
3,28.0668531,-82.4176505,273
3,28.0671039,-82.4176547,274
3,28.0671039,-82.4176547,275
3,28.0671749,-82.4176559,276
3,28.0672643,-82.4176880,277
3,28.0673476,-82.4177824,278
3,28.0674227,-82.4179031,279
3,28.0674390,-82.4179292,280
3,28.0674390,-82.4179292,281
3,28.0677081,-82.4177442,282
3,28.0677636,-82.4176574,283
3,28.0678021,-82.4175662,284
3,28.0678242,-82.4172884,285
3,28.0678242,-82.4171367,286
3,28.0678242,-82.4168590,287
3,28.0678242,-82.4165050,288
3,28.0678242,-82.4159779,289
3,28.0678242,-82.4158893,290
3,28.0678166,-82.4158035,291
3,28.0678090,-82.4157262,292
3,28.0677333,-82.4154773,293
3,28.0677030,-82.4153743,294
3,28.0676811,-82.4152242,295
3,28.0676801,-82.4149951,296
3,28.0676795,-82.4148447,297
3,28.0676791,-82.4147428,298
3,28.0676776,-82.4143857,299
3,28.0676775,-82.4143085,300
3,28.0676700,-82.4140081,301
3,28.0676722,-82.4133495,302
3,28.0676727,-82.4132114,303
3,28.0657420,-82.4132162,304
3,28.0658358,-82.4132120,305
3,28.0663121,-82.4132133,306
3,28.0665871,-82.4132141,307
3,28.0669760,-82.4132153,308
3,28.0670641,-82.4132129,309
3,28.0671300,-82.4132128,310
3,28.0675549,-82.4132121,311
3,28.0676727,-82.4132114,312
3,28.0656663,-82.4132162,313
3,28.0657420,-82.4132162,314
3,28.0651540,-82.4132176,315
3,28.0656663,-82.4132162,316
3,28.0656080,-82.4112482,317
3,28.0656169,-82.4094790,318
3,28.0678411,-82.4076373,319
4,28.0691753,-82.4139824,0
4,28.0693046,-82.4139820,1
4,28.0702589,-82.4139866,2
4,28.0715264,-82.4139975,3
4,28.0718967,-82.4139990,4
4,28.0719842,-82.4139992,5
4,28.0723780,-82.4140000,6
4,28.0728362,-82.4140065,7
4,28.0733152,-82.4140132,8
4,28.0739722,-82.4140151,9
4,28.0743012,-82.4140204,10
4,28.0743179,-82.4140203,11
4,28.0760381,-82.4140481,12
4,28.0762734,-82.4140481,13
4,28.0773283,-82.4140526,14
4,28.0784263,-82.4140955,15
4,28.0784997,-82.4141035,16
4,28.0793820,-82.4141510,17
4,28.0796050,-82.4141590,18
4,28.0803803,-82.4141866,19
4,28.0782938,-82.4141680,20
4,28.0690546,-82.4139851,21
4,28.0691753,-82.4139824,22
4,28.0690546,-82.4139851,23
4,28.0690475,-82.4131939,24
4,28.0803803,-82.4141866,25
4,28.0803774,-82.4133108,26
4,28.0803703,-82.4128066,27
4,28.0803827,-82.4116439,28
4,28.0803840,-82.4115170,29
4,28.0803585,-82.4103175,30
4,28.0690475,-82.4098706,31
4,28.0691729,-82.4098706,32
4,28.0692415,-82.4098700,33
4,28.0695433,-82.4098673,34
4,28.0697693,-82.4098702,35
4,28.0702023,-82.4098757,36
4,28.0706010,-82.4098830,37
4,28.0711620,-82.4098880,38
4,28.0714139,-82.4098907,39
4,28.0718493,-82.4098953,40
4,28.0722018,-82.4099028,41
4,28.0723019,-82.4099049,42
4,28.0724746,-82.4099086,43
4,28.0726218,-82.4099125,44
4,28.0729702,-82.4099169,45
4,28.0732164,-82.4099221,46
4,28.0737504,-82.4099333,47
4,28.0748078,-82.4099556,48
4,28.0748760,-82.4099570,49
4,28.0763170,-82.4099870,50
4,28.0767628,-82.4099980,51
4,28.0779000,-82.4100261,52
4,28.0793006,-82.4100878,53
4,28.0793649,-82.4100907,54
4,28.0802117,-82.4101029,55
4,28.0802946,-82.4101539,56
4,28.0803419,-82.4102370,57
4,28.0803585,-82.4103175,58
4,28.0723004,-82.4098270,59
4,28.0690475,-82.4130785,60
4,28.0690439,-82.4126112,61
4,28.0690428,-82.4099699,62
4,28.0690475,-82.4098706,63
4,28.0676727,-82.4132114,64
4,28.0677746,-82.4132061,65
4,28.0678922,-82.4132000,66
4,28.0684147,-82.4131920,67
4,28.0689577,-82.4131902,68
4,28.0690475,-82.4131939,69
4,28.0690475,-82.4131939,70
4,28.0690475,-82.4130785,71
4,28.0657420,-82.4132162,72
4,28.0658358,-82.4132120,73
4,28.0663121,-82.4132133,74
4,28.0665871,-82.4132141,75
4,28.0669760,-82.4132153,76
4,28.0670641,-82.4132129,77
4,28.0671300,-82.4132128,78
4,28.0675549,-82.4132121,79
4,28.0676727,-82.4132114,80
4,28.0651540,-82.4132176,81
4,28.0656663,-82.4132162,82
4,28.0656663,-82.4132162,83
4,28.0656648,-82.4131127,84
4,28.0656587,-82.4125296,85
4,28.0656656,-82.4117907,86
4,28.0656662,-82.4117219,87
4,28.0657109,-82.4107053,88
4,28.0657109,-82.4107053,89
4,28.0657335,-82.4114205,90
4,28.0657420,-82.4117228,91
4,28.0657420,-82.4117962,92
4,28.0657420,-82.4125296,93
4,28.0657420,-82.4131150,94
4,28.0657420,-82.4132162,95
4,28.0657109,-82.4107053,96
4,28.0657109,-82.4106221,97
4,28.0657114,-82.4093393,98
4,28.0657118,-82.4092181,99
4,28.0657118,-82.4082780,100
4,28.0657111,-82.4080873,101
4,28.0617513,-82.4087191,102
4,28.0618112,-82.4087163,103
4,28.0618490,-82.4087163,104
4,28.0619475,-82.4087077,105
4,28.0620763,-82.4086820,106
4,28.0622560,-82.4086175,107
4,28.0624075,-82.4085402,108
4,28.0625590,-82.4084372,109
4,28.0626833,-82.4083343,110
4,28.0627456,-82.4082950,111
4,28.0628768,-82.4082154,112
4,28.0629708,-82.4081788,113
4,28.0631557,-82.4081019,114
4,28.0632799,-82.4080787,115
4,28.0637785,-82.4080805,116
4,28.0640455,-82.4080835,117
4,28.0647864,-82.4080842,118
4,28.0648483,-82.4080843,119
4,28.0648988,-82.4080845,120
4,28.0650195,-82.4080849,121
4,28.0655826,-82.4080869,122
4,28.0657111,-82.4080873,123
4,28.0605160,-82.4087249,124
4,28.0605638,-82.4087192,125
4,28.0608114,-82.4087228,126
4,28.0609485,-82.4087269,127
4,28.0610548,-82.4087260,128
4,28.0611977,-82.4087249,129
4,28.0616976,-82.4087249,130
4,28.0617513,-82.4087191,131
4,28.0605160,-82.4087249,132
4,28.0604361,-82.4087669,133
4,28.0601366,-82.4087668,134
4,28.0601366,-82.4087668,135
4,28.0585607,-82.4087773,136
4,28.0572224,-82.4087668,137
4,28.0570970,-82.4087695,138
4,28.0569881,-82.4087641,139
4,28.0601367,-82.4086901,140
4,28.0604437,-82.4086896,141
4,28.0605160,-82.4087249,142
4,28.0570591,-82.4086702,143
4,28.0571798,-82.4086756,144
4,28.0572322,-82.4086725,145
4,28.0574973,-82.4086810,146
4,28.0585607,-82.4086789,147
4,28.0590081,-82.4086716,148
4,28.0601367,-82.4086901,149
4,28.0569420,-82.4086537,150
4,28.0570591,-82.4086702,151
4,28.0572342,-82.4109141,152
4,28.0571887,-82.4105279,153
4,28.0571582,-82.4099013,154
4,28.0571357,-82.4094722,155
4,28.0571205,-82.4092919,156
4,28.0570827,-82.4090774,157
4,28.0570277,-82.4088784,158
4,28.0570378,-82.4089223,159
4,28.0569881,-82.4087641,160
4,28.0569420,-82.4086537,161
4,28.0570970,-82.4087695,162
4,28.0571475,-82.4089140,163
4,28.0571413,-82.4088699,164
4,28.0571811,-82.4090688,165
4,28.0572190,-82.4092919,166
4,28.0572417,-82.4094808,167
4,28.0572720,-82.4098927,168
4,28.0572720,-82.4105451,169
4,28.0572342,-82.4109141,170
4,28.0573207,-82.4096630,171
4,28.0582230,-82.4088252,172
4,28.0572069,-82.4131004,173
4,28.0572075,-82.4129613,174
4,28.0572417,-82.4114377,175
4,28.0572342,-82.4109141,176
4,28.0572069,-82.4131004,177
4,28.0573536,-82.4130997,178
4,28.0580326,-82.4130964,179
4,28.0586688,-82.4130934,180
4,28.0598532,-82.4130876,181
4,28.0599571,-82.4130871,182
4,28.0601587,-82.4130887,183
4,28.0601581,-82.4133381,184
4,28.0600353,-82.4133385,185
4,28.0599520,-82.4133385,186
4,28.0590457,-82.4133454,187
4,28.0573561,-82.4133319,188
4,28.0572235,-82.4133327,189
4,28.0572235,-82.4133327,190
4,28.0572069,-82.4131004,191
4,28.0608880,-82.4133516,192
4,28.0602232,-82.4133381,193
4,28.0601581,-82.4133381,194
4,28.0601587,-82.4130887,195
4,28.0608729,-82.4130856,196
4,28.0611311,-82.4132207,197
4,28.0611160,-82.4132979,198
4,28.0610705,-82.4133409,199
4,28.0609334,-82.4133516,200
4,28.0608880,-82.4133516,201
4,28.0608729,-82.4130856,202
4,28.0609107,-82.4130839,203
4,28.0609334,-82.4130856,204
4,28.0610705,-82.4130834,205
4,28.0611160,-82.4131435,206
4,28.0611311,-82.4132207,207
4,28.0600642,-82.4086330,208
4,28.0656169,-82.4094790,209
4,28.0656080,-82.4112482,210
4,28.0658060,-82.4120271,211
4,28.0656663,-82.4132162,212
4,28.0657420,-82.4132162,213
4,28.0656663,-82.4132162,214
4,28.0657420,-82.4132162,215
4,28.0644665,-82.4139140,216
4,28.0644354,-82.4139737,217
4,28.0643550,-82.4140313,218
4,28.0642816,-82.4140394,219
4,28.0642236,-82.4140139,220
4,28.0642239,-82.4139482,221
4,28.0642248,-82.4137255,222
4,28.0642875,-82.4137242,223
4,28.0643834,-82.4137725,224
4,28.0644567,-82.4138476,225
4,28.0644665,-82.4139140,226
4,28.0648964,-82.4138957,227
4,28.0648118,-82.4138993,228
4,28.0644665,-82.4139140,229
