shape_id,shape_pt_lat,shape_pt_lon,shape_pt_sequence,shape_dist_traveled
0,28.0519262,-82.4015845,0,0.0
0,28.0532267,-82.4018095,1,145.80952266775856
0,28.0481539,-82.4015547,2,708.5364512030465
0,28.0481965,-82.4018122,3,734.289763362282
0,28.0508049,-82.4016651,4,1023.7148670663962
0,28.0519917,-82.4016808,5,1155.245432666622
0,28.0529639,-82.4017170,6,1263.043691817965
0,28.0532680,-82.4017289,7,1296.764448729863
0,28.0533803,-82.4017325,8,1309.2146012832036
0,28.0534586,-82.4017345,9,1317.8940592324423
0,28.0538128,-82.4017438,10,1357.1572623208565
0,28.0541908,-82.4017537,11,1399.0586495722969
0,28.0543500,-82.4017727,12,1416.7998554419694
0,28.0471917,-82.4016543,13,2210.1699950445673
0,28.0480670,-82.4016450,14,2307.175242317827
0,28.0487610,-82.4016530,15,2384.0885049890403
0,28.0494238,-82.4016637,16,2457.547694989082
0,28.0496913,-82.4016567,17,2487.2000995062554
0,28.0506581,-82.4016671,18,2594.3460060104744
0,28.0508049,-82.4016651,19,2610.61560978868
0,28.0435740,-82.4016780,20,3411.9464848439725
0,28.0442803,-82.4016551,21,3490.251140981972
0,28.0449848,-82.4016465,22,3568.3285300719613
0,28.0456514,-82.4016465,23,3642.201263289259
0,28.0463559,-82.4016551,24,3720.2786678557045
0,28.0471917,-82.4016543,25,3812.902228876539
0,28.0435950,-82.4099000,26,4716.308141421993
0,28.0435900,-82.4091090,27,4794.083018381954
0,28.0435890,-82.4083300,28,4870.6761367394065
0,28.0435920,-82.4075520,29,4947.171574427463
0,28.0435940,-82.4067850,30,5022.585068790311
0,28.0435983,-82.4060212,31,5097.685115902028
0,28.0435991,-82.4058817,32,5111.401356105229
0,28.0435980,-82.4052530,33,5173.216674091547
0,28.0436000,-82.4044900,34,5248.236876984731
0,28.0435960,-82.4037170,35,5324.241268338818
0,28.0435790,-82.4027900,36,5415.405470515959
0,28.0435740,-82.4016780,37,5524.74123748907
0,28.0437177,-82.4037863,38,5732.644741918763
0,28.0434905,-82.4036254,39,5762.380624399144
0,28.0435189,-82.4082388,40,6215.991807124019
0,28.0437414,-82.4083997,41,6245.287973544092
0,28.0435921,-82.4107332,42,6475.318601444887
0,28.0435950,-82.4099000,43,6557.241333269295
0,28.0435933,-82.4107389,44,6639.724086253191
0,28.0436240,-82.4108834,45,6654.333319090693
0,28.0436090,-82.4127029,46,6833.238343826972
0,28.0435848,-82.4128441,47,6847.378104116154
0,28.0435848,-82.4128441,48,6847.378104116154
0,28.0435529,-82.4127013,49,6861.856736579057
0,28.0435600,-82.4109203,50,7036.970497472973
0,28.0435933,-82.4107389,51,7055.183930626531
0,28.0435830,-82.4163385,52,7605.750440688835
0,28.0435830,-82.4161926,53,7620.095658843784
0,28.0435829,-82.4161084,54,7628.374400800561
0,28.0435797,-82.4142967,55,7806.505200273454
0,28.0435848,-82.4128441,56,7949.3292386109615
0,28.0443471,-82.4160499,57,8275.654014775335
0,28.0466484,-82.4164839,58,8534.229680175522
0,28.0435830,-82.4161926,59,8875.14307654466
0,28.0437484,-82.4161942,60,8893.473405273518
0,28.0458122,-82.4162146,61,9122.192873519469
0,28.0466730,-82.4162188,62,9217.587792658012
0,28.0468022,-82.4162131,63,9231.916726492293
0,28.0490898,-82.4162096,64,9485.429305067813
0,28.0500247,-82.4162082,65,9589.035248483402
0,28.0503497,-82.4162077,66,9625.05186667578
0,28.0515212,-82.4161932,67,9754.885642596348
0,28.0526124,-82.4161840,68,9875.816126518273
0,28.0533017,-82.4162012,69,9952.223277208492
0,28.0543001,-82.4161979,70,10062.866759141587
0,28.0543784,-82.4161976,71,10071.544040907384
0,28.0545624,-82.4163280,72,10095.630159585618
0,28.0543784,-82.4163183,73,10116.043387416767
0,28.0542970,-82.4163213,74,10125.068982260189
0,28.0530924,-82.4163299,75,10258.565813671072
0,28.0525969,-82.4163128,76,10313.50300321386
0,28.0522109,-82.4163089,77,10356.281355908157
0,28.0515216,-82.4163136,78,10432.671177664683
0,28.0503520,-82.4163216,79,10562.288954756359
0,28.0500294,-82.4163255,80,10598.04162691343
0,28.0490901,-82.4163323,81,10702.137234925549
0,28.0477745,-82.4163418,82,10847.935324114409
0,28.0468024,-82.4163489,83,10955.665915426085
0,28.0466784,-82.4163558,84,10969.42435620317
0,28.0458488,-82.4163573,85,11061.360910010657
0,28.0457277,-82.4163467,86,11074.821641468727
0,28.0437531,-82.4163393,87,11293.648363668113
0,28.0435830,-82.4163385,88,11312.499036173384
0,28.0505350,-82.4160767,89,12083.351003825737
0,28.0509138,-82.4164844,90,12141.393116124516
0,28.0535886,-82.4160526,91,12440.839704413927
0,28.0534560,-82.4164415,92,12481.800369518942
0,28.0543784,-82.4161976,93,12586.795764312736
0,28.0543771,-82.4161378,94,12592.676613429605
0,28.0543737,-82.4145052,95,12753.181956973416
0,28.0543713,-82.4140787,96,12795.113060352265
0,28.0543714,-82.4133603,97,12865.740725931391
0,28.0543713,-82.4130863,98,12892.67833974979
0,28.0545527,-82.4133602,99,12926.282312955518
0,28.0545562,-82.4160970,100,13195.343652236046
0,28.0545564,-82.4161818,101,13203.680563266471
0,28.0545624,-82.4163280,102,13218.069190351209
0,28.0572235,-82.4133327,103,13634.82048797569
0,28.0571262,-82.4133335,104,13645.603597108578
0,28.0559730,-82.4133494,105,13773.411199160626
0,28.0546987,-82.4133591,106,13914.63278276367
0,28.0545527,-82.4133602,107,13930.812912650841
0,28.0543713,-82.4130863,108,13964.416885856557
0,28.0545566,-82.4130834,109,13984.953871979515
0,28.0545566,-82.4130834,110,13984.953871979515
0,28.0546935,-82.4130834,111,14000.1251754442
0,28.0553027,-82.4130834,112,14067.636925427685
0,28.0555110,-82.4130834,113,14090.72080323322
0,28.0560297,-82.4130886,114,14148.205592257613
0,28.0571188,-82.4130918,115,14268.900460216237
0,28.0572219,-82.4130934,116,14280.327123371391
0,28.0596776,-82.4133430,117,14553.572762911293
0,28.0593155,-82.4133456,118,14593.701647665652
0,28.0590457,-82.4133454,119,14623.600999577262
0,28.0590184,-82.4133452,120,14626.626460473939
0,28.0586078,-82.4133416,121,14672.130692875799
0,28.0573476,-82.4133337,122,14811.788703061626
0,28.0572235,-82.4133327,123,14825.541862972792
0,28.0572219,-82.4130934,124,14849.06807994539
0,28.0573505,-82.4130950,125,14863.320448187316
0,28.0580326,-82.4130964,126,14938.911155783364
0,28.0586832,-82.4130967,127,15011.01090909411
0,28.0590185,-82.4130917,128,15048.172240295147
0,28.0593131,-82.4130902,129,15080.820264751228
0,28.0596764,-82.4130885,130,15121.081666827353
0,28.0596764,-82.4130885,131,15121.081666827353
0,28.0597216,-82.4131347,132,15127.843246495293
0,28.0597370,-82.4131896,133,15133.503735668186
0,28.0597357,-82.4132616,134,15140.583346708829
0,28.0597098,-82.4133064,135,15145.840258975166
0,28.0596776,-82.4133430,136,15150.907765965658
0,28.0543500,-82.4017727,137,16432.482317981834
0,28.0545063,-82.4017942,138,16449.932027732604
0,28.0545063,-82.4017942,139,16449.932027732604
0,28.0555567,-82.4018020,140,16566.340237188662
0,28.0561296,-82.4018012,141,16629.82926542932
0,28.0562310,-82.4018018,142,16641.06660446473
0,28.0572039,-82.4018072,143,16748.885045384843
0,28.0582170,-82.4018159,144,16861.16043207676
0,28.0592460,-82.4018452,145,16975.230995354632
0,28.0593579,-82.4018484,146,16987.63578849675
0,28.0597635,-82.4018524,147,17032.58626754101
0,28.0603659,-82.4018620,148,17099.35115899363
0,28.0630739,-82.4018655,149,17399.45312579887
0,28.0634250,-82.4018635,150,17438.36269002079
0,28.0637752,-82.4018639,151,17477.172040996964
0,28.0645456,-82.4018682,152,17562.549189876736
0,28.0662739,-82.4018732,153,17754.080901492624
0,28.0663751,-82.4018765,154,17765.300628744648
0,28.0663390,-82.4027670,155,17852.92952532821
0,28.0663456,-82.4025129,156,17877.91865783965
0,28.0663490,-82.4023820,157,17890.791846720498
0,28.0663560,-82.4021040,158,17918.130685738033
0,28.0663751,-82.4018765,159,17940.59423178381
0,28.0659845,-82.4041464,160,18167.889125879443
0,28.0662330,-82.4034030,161,18245.98341099209
0,28.0663390,-82.4027670,162,18309.597244775243
0,28.0657826,-82.4049209,163,18530.125202399384
0,28.0658584,-82.4046119,164,18561.6406566514
0,28.0659845,-82.4041464,165,18609.48647689736
0,28.0657111,-82.4080873,166,18998.06787780201
0,28.0657080,-82.4079204,167,19014.478100527664
0,28.0657095,-82.4073893,168,19066.686629459153
0,28.0657098,-82.4072595,169,19079.44628988626
0,28.0657092,-82.4069135,170,19113.45889361139
0,28.0657026,-82.4059338,171,19209.768275925446
0,28.0657010,-82.4056975,172,19232.997748829144
0,28.0657086,-82.4055516,173,19247.36473939747
0,28.0657313,-82.4052426,174,19277.84408769562
0,28.0657826,-82.4049209,175,19309.97481944303
0,28.0657109,-82.4107053,176,19878.649017978318
0,28.0657109,-82.4106221,177,19886.827755510145
0,28.0657114,-82.4093393,178,20012.92974461594
0,28.0657118,-82.4092181,179,20024.844045617272
0,28.0657113,-82.4082893,180,20116.14708374434
0,28.0657111,-82.4080873,181,20136.00412708433
0,28.0657109,-82.4107053,182,20393.35911405492
0,28.0657335,-82.4114205,183,20463.70938911
0,28.0657408,-82.4117195,184,20493.112851113543
0,28.0657416,-82.4117893,185,20499.97491086182
0,28.0657420,-82.4125296,186,20572.747973190333
0,28.0657420,-82.4131150,187,20630.294025743453
0,28.0657420,-82.4132162,188,20640.24219881774
0,28.0656663,-82.4132162,189,20648.631311500696
0,28.0656648,-82.4131127,190,20658.806944495376
0,28.0656587,-82.4125296,191,20716.130930892254
0,28.0656655,-82.4117882,192,20789.01606164409
0,28.0656669,-82.4117171,193,20796.007068038485
0,28.0657109,-82.4107053,194,20895.58864030869
0,28.0656663,-82.4132162,195,21142.465000622215
0,28.0657420,-82.4132162,196,21150.85411330517
0,28.0651540,-82.4132176,197,21216.016716674727
0,28.0656663,-82.4132162,198,21272.790228835624
0,28.0648968,-82.4139029,199,21381.550961826008
0,28.0648889,-82.4134065,200,21430.3563634923
0,28.0649180,-82.4133260,201,21438.901621005258
0,28.0649722,-82.4132434,202,21449.001574995676
0,28.0650555,-82.4132176,203,21458.574983353017
0,28.0651540,-82.4132176,204,21469.49080273407
0,28.0648968,-82.4139029,205,21542.639414195317
0,28.0648184,-82.4139041,206,21551.32854194819
0,28.0644665,-82.4139140,207,21590.338415115053
0,28.0644665,-82.4139140,208,21590.338415115053
0,28.0644354,-82.4139737,209,21597.14430884146
0,28.0643550,-82.4140313,210,21607.701242180974
0,28.0642816,-82.4140394,211,21615.874345345128
0,28.0642236,-82.4140139,212,21622.773448746695
0,28.0642239,-82.4139482,213,21629.232073416402
0,28.0642248,-82.4137255,214,21651.124487061265
0,28.0642875,-82.4137242,215,21658.07410670599
0,28.0643834,-82.4137725,216,21669.714196835324
0,28.0644567,-82.4138476,217,21680.69089486885
0,28.0644665,-82.4139140,218,21687.307964853528
0,28.0642789,-82.4136326,219,21721.911986748037
0,28.0656080,-82.4112482,220,21998.742259147977
0,28.0658117,-82.4098152,221,22141.406521926863
0,28.0656169,-82.4094790,222,22180.88161156014
0,28.0656660,-82.4075048,223,22375.026075311547
0,28.0657950,-82.4074325,224,22390.99116582084
0,28.0662779,-82.4024860,225,22880.17721297952
0,28.0662359,-82.4017507,226,22952.60811085864
0,28.0634724,-82.4019839,227,23259.717342817712
0,28.0634675,-82.4017881,228,23278.972958166
0,28.0592351,-82.4016624,229,23748.172140907103
0,28.0593040,-82.4019447,230,23776.95571292968
0,28.0435092,-82.4135713,231,25867.519228673216
0,28.0436552,-82.4140997,232,25921.93382759293
0,28.0591628,-82.4130271,233,27643.722724681636
0,28.0591688,-82.4134026,234,27680.643400118355
1,28.0691753,-82.4139824,0,0.0
1,28.0693046,-82.4139820,1,14.32915340324677
1,28.0702589,-82.4139866,2,120.08619655071108
1,28.0715264,-82.4139975,3,260.55538679538427
1,28.0718967,-82.4139990,4,301.5925228318479
1,28.0719842,-82.4139992,5,311.28934628673545
1,28.0723780,-82.4140000,6,354.93057556619806
1,28.0728362,-82.4140065,7,405.712604264232
1,28.0733152,-82.4140132,8,458.7997712149501
1,28.0739722,-82.4140151,9,531.6091707249071
1,28.0743179,-82.4140203,10,569.9232780040201
1,28.0743429,-82.4140207,11,572.6940732323856
1,28.0760381,-82.4140481,12,760.5765676674902
1,28.0762734,-82.4140481,13,786.652673631261
1,28.0773283,-82.4140526,14,903.5582565194619
1,28.0784263,-82.4140955,15,1025.3124332205698
1,28.0784997,-82.4141035,16,1033.4845913238235
1,28.0793820,-82.4141510,17,1131.3731186093655
1,28.0796050,-82.4141590,18,1156.0986483772028
1,28.0803803,-82.4141866,19,1242.060784921862
1,28.0782938,-82.4141680,20,1473.2954677535513
1,28.0720765,-82.4140796,21,2162.355570845426
1,28.0690546,-82.4139851,22,2497.373116437221
1,28.0691753,-82.4139824,23,2510.751791576455
1,28.0690546,-82.4139851,24,2524.130466715924
1,28.0690475,-82.4131939,25,2601.908689929222
1,28.0803803,-82.4141866,26,3861.601867708296
1,28.0803774,-82.4133108,27,3947.683783531137
1,28.0803703,-82.4128066,28,3997.2472359648414
1,28.0803827,-82.4116439,29,4111.535867785934
1,28.0803840,-82.4115170,30,4124.00954578318
1,28.0803585,-82.4103175,31,4241.940811981514
1,28.0804166,-82.4126525,32,4471.535401202363
1,28.0804497,-82.4113221,33,4602.350171451132
1,28.0770798,-82.4099381,34,4999.809126605399
1,28.0690452,-82.4098734,35,5890.231271273231
1,28.0691729,-82.4098706,36,5904.3857337993395
1,28.0692415,-82.4098700,37,5911.98825351418
1,28.0695433,-82.4098673,38,5945.434954746906
1,28.0697693,-82.4098702,39,5970.482026886768
1,28.0702023,-82.4098757,40,6018.4703835992705
1,28.0706010,-82.4098830,41,6062.660378021412
1,28.0711620,-82.4098880,42,6124.832674276369
1,28.0714139,-82.4098907,43,6152.7496452955575
1,28.0718493,-82.4098953,44,6201.003056027504
1,28.0722018,-82.4099028,45,6240.074277890469
1,28.0723019,-82.4099049,46,6251.169341994418
1,28.0724746,-82.4099086,47,6270.311518204988
1,28.0726218,-82.4099125,48,6286.6288174640595
1,28.0729702,-82.4099169,49,6325.241145697158
1,28.0732164,-82.4099221,50,6352.529972190205
1,28.0737504,-82.4099333,51,6411.718431459517
1,28.0748078,-82.4099556,52,6528.920685540614
1,28.0748760,-82.4099570,53,6536.4799071137095
1,28.0763170,-82.4099870,54,6696.199716801331
1,28.0767628,-82.4099980,55,6745.615408541031
1,28.0779000,-82.4100261,56,6871.6709697701635
1,28.0793006,-82.4100878,57,7027.0048992739785
1,28.0793649,-82.4100907,58,7034.136370922454
1,28.0802117,-82.4101029,59,7127.987033248598
1,28.0802946,-82.4101539,60,7138.4526531928095
1,28.0803419,-82.4102370,61,7148.157790359363
1,28.0803585,-82.4103175,62,7156.281084268419
1,28.0749735,-82.4098576,63,7754.76019151176
1,28.0723004,-82.4098270,64,8051.010111610151
1,28.0690475,-82.4130785,65,8532.783270480548
1,28.0690439,-82.4126112,66,8578.720171875044
1,28.0690440,-82.4099810,67,8837.266466351812
1,28.0690452,-82.4098734,68,8847.844285483943
1,28.0676727,-82.4132114,69,9209.507741467241
1,28.0677775,-82.4132058,70,9221.134772849497
1,28.0678922,-82.4132000,71,9233.858669293752
1,28.0684147,-82.4131920,72,9291.767746749192
1,28.0689364,-82.4131982,73,9349.58604453325
1,28.0690475,-82.4131939,74,9361.905462548266
1,28.0690475,-82.4131939,75,9361.905462548266
1,28.0690475,-82.4130785,76,9373.249178377777
1,28.0657420,-82.4132162,77,9739.816470445056
1,28.0658406,-82.4132151,78,9750.743907986707
1,28.0663121,-82.4132133,79,9802.996081351928
1,28.0665871,-82.4132141,80,9833.471826654228
1,28.0669760,-82.4132153,81,9876.570091584304
1,28.0670641,-82.4132129,82,9886.336230460212
1,28.0671300,-82.4132128,83,9893.639310234126
1,28.0675640,-82.4132127,84,9941.735424532128
1,28.0676727,-82.4132114,85,9953.782295235826
1,28.0651540,-82.4132176,86,10232.906610546432
1,28.0656663,-82.4132162,87,10289.680122707327
1,28.0656663,-82.4132162,88,10289.680122707327
1,28.0656648,-82.4131127,89,10299.855755702007
1,28.0656587,-82.4125296,90,10357.179742098882
1,28.0656655,-82.4117882,91,10430.06487285072
1,28.0656669,-82.4117171,92,10437.055879245112
1,28.0657109,-82.4107053,93,10536.63745151532
1,28.0657109,-82.4107053,94,10536.63745151532
1,28.0657335,-82.4114205,95,10606.9877265704
1,28.0657408,-82.4117195,96,10636.391188573942
1,28.0657416,-82.4117893,97,10643.253248322218
1,28.0657420,-82.4125296,98,10716.026310650732
1,28.0657420,-82.4131150,99,10773.572363203852
1,28.0657420,-82.4132162,100,10783.520536278138
1,28.0657109,-82.4107053,101,11030.371389691385
1,28.0657109,-82.4106221,102,11038.550127223212
1,28.0657114,-82.4093393,103,11164.652116329005
1,28.0657118,-82.4092181,104,11176.566417330336
1,28.0657113,-82.4082893,105,11267.869455457403
1,28.0657111,-82.4080873,106,11287.72649879739
1,28.0617513,-82.4087191,107,11730.926830502387
1,28.0618112,-82.4087163,108,11737.570679642798
1,28.0618490,-82.4087163,109,11741.759692593827
1,28.0619475,-82.4087077,110,11752.708197068358
1,28.0620763,-82.4086820,111,11767.203738788683
1,28.0622560,-82.4086175,112,11788.103240345938
1,28.0624075,-82.4085402,113,11806.532164770777
1,28.0625590,-82.4084372,114,11826.13840754172
1,28.0626559,-82.4083657,115,11838.972718276367
1,28.0626925,-82.4083386,116,11843.825408320608
1,28.0628768,-82.4082154,117,11867.570479217053
1,28.0629737,-82.4081786,118,11878.901964797742
1,28.0631557,-82.4081019,119,11900.434559922463
1,28.0632799,-82.4080787,120,11914.386134430753
1,28.0637785,-82.4080805,121,11969.641507026183
1,28.0640455,-82.4080835,122,11999.232045357212
1,28.0647864,-82.4080842,123,12081.338975385555
1,28.0648483,-82.4080843,124,12088.198771173707
1,28.0648928,-82.4080844,125,12093.130293112104
1,28.0650195,-82.4080849,126,12107.171336353797
1,28.0655730,-82.4080858,127,12168.510549353994
1,28.0657111,-82.4080873,128,12183.815572098509
1,28.0605160,-82.4087249,129,12762.94086604416
1,28.0605638,-82.4087192,130,12768.267636989638
1,28.0608114,-82.4087228,131,12795.709057620948
1,28.0609485,-82.4087269,132,12810.907884184779
1,28.0610548,-82.4087260,133,12822.688428673977
1,28.0611977,-82.4087249,134,12838.525038327107
1,28.0616976,-82.4087249,135,12893.92417741575
1,28.0617513,-82.4087191,136,12899.902486917963
1,28.0605160,-82.4087249,137,13036.800160365432
1,28.0604361,-82.4087669,138,13046.570054049087
1,28.0601366,-82.4087668,139,13079.760772347581
1,28.0601366,-82.4087668,140,13079.760772347581
1,28.0585607,-82.4087773,141,13254.405704418918
1,28.0572098,-82.4087735,142,13404.113428263687
1,28.0570970,-82.4087695,143,13416.62014994722
1,28.0569881,-82.4087641,144,13428.700158871552
1,28.0601367,-82.4086901,145,13777.705085191437
1,28.0604437,-82.4086896,146,13811.726990736497
1,28.0605160,-82.4087249,147,13820.458527869883
1,28.0570591,-82.4086702,148,14203.591305938582
1,28.0571708,-82.4086782,149,14215.994900610003
1,28.0572322,-82.4086725,150,14222.822306418604
1,28.0574973,-82.4086810,151,14252.212670024921
1,28.0585607,-82.4086789,152,14370.059250458513
1,28.0590081,-82.4086716,153,14419.64549050133
1,28.0601367,-82.4086901,154,14544.730629736234
1,28.0569420,-82.4086537,155,14898.786630653432
1,28.0570591,-82.4086702,156,14911.864684258764
1,28.0572342,-82.4109141,157,15133.314138045114
1,28.0571887,-82.4105279,158,15171.61477391007
1,28.0571582,-82.4099013,159,15233.308418894256
1,28.0571357,-82.4094722,160,15275.566835511221
1,28.0571205,-82.4092919,161,15293.371977632376
1,28.0570827,-82.4090774,162,15314.871511431758
1,28.0570277,-82.4088784,163,15335.362693250507
1,28.0570378,-82.4089223,164,15339.821282623028
1,28.0569881,-82.4087641,165,15356.32038761315
1,28.0569420,-82.4086537,166,15368.316097830302
1,28.0570970,-82.4087695,167,15388.923307490179
1,28.0571475,-82.4089140,168,15404.191719817385
1,28.0571693,-82.4089893,169,15411.978696499462
1,28.0571811,-82.4090688,170,15419.902976326985
1,28.0572190,-82.4092919,171,15442.234441895958
1,28.0572417,-82.4094808,172,15460.974783252337
1,28.0572720,-82.4098927,173,15501.607583367993
1,28.0572720,-82.4105451,174,15565.744904805402
1,28.0572342,-82.4109141,175,15602.262293929514
1,28.0573207,-82.4096630,176,15725.630681445113
1,28.0582912,-82.4085935,177,15876.036997974392
1,28.0582230,-82.4088252,178,15900.036329459635
1,28.0572417,-82.4114377,179,16178.943976063585
1,28.0572342,-82.4109141,180,16230.425719674726
1,28.0572219,-82.4130934,181,16444.67671651451
1,28.0572212,-82.4129732,182,16456.493816073813
1,28.0572417,-82.4114377,183,16607.465683325885
1,28.0572219,-82.4130934,184,16770.252088913596
1,28.0573505,-82.4130950,185,16784.504457155523
1,28.0580326,-82.4130964,186,16860.095164751572
1,28.0586832,-82.4130967,187,16932.194918062316
1,28.0590185,-82.4130917,188,16969.356249263354
1,28.0593131,-82.4130902,189,17002.004273719434
1,28.0596764,-82.4130885,190,17042.26567579556
1,28.0591628,-82.4130271,191,17099.5022084285
1,28.0596776,-82.4133430,192,17164.45744831009
1,28.0593155,-82.4133456,193,17204.58633306445
1,28.0590457,-82.4133454,194,17234.48568497606
1,28.0590184,-82.4133452,195,17237.51114587274
1,28.0586078,-82.4133416,196,17283.015378274602
1,28.0573476,-82.4133337,197,17422.67338846043
1,28.0572235,-82.4133327,198,17436.426548371594
1,28.0572235,-82.4133327,199,17436.426548371594
1,28.0572219,-82.4130934,200,17459.95276534419
1,28.0591688,-82.4134026,201,17677.839733415014
1,28.0600642,-82.4086330,202,18157.112689361173
1,28.0601637,-82.4088376,203,18180.050559154013
1,28.0611956,-82.4085717,204,18297.355675782204
1,28.0613281,-82.4088507,205,18328.466363955813
1,28.0649816,-82.4082539,206,18737.57741860054
1,28.0656169,-82.4094790,207,18877.077392481497
1,28.0658117,-82.4098152,208,18916.552482114672
1,28.0656080,-82.4112482,209,19059.21674489358
1,28.0658060,-82.4120271,210,19138.866346173974
1,28.0642789,-82.4136326,211,19370.272675372395
1,28.0671289,-82.4131028,212,19690.376262161437
1,28.0671748,-82.4133054,213,19710.931336954734
1,28.0679830,-82.4133235,214,19800.514169219165
1,28.0684260,-82.4130960,215,19854.461233394555
1,28.0656663,-82.4132162,216,20160.520822960676
1,28.0657420,-82.4132162,217,20168.90993564363
1,28.0656663,-82.4132162,218,20177.299048326586
1,28.0657420,-82.4132162,219,20185.68816100954
1,28.0644665,-82.4139140,220,20342.804738148305
1,28.0644354,-82.4139737,221,20349.61063187471
1,28.0643550,-82.4140313,222,20360.167565214226
1,28.0642816,-82.4140394,223,20368.34066837838
1,28.0642236,-82.4140139,224,20375.239771779947
1,28.0642239,-82.4139482,225,20381.698396449654
1,28.0642248,-82.4137255,226,20403.590810094516
1,28.0642875,-82.4137242,227,20410.54042973924
1,28.0643834,-82.4137725,228,20422.180519868576
1,28.0644567,-82.4138476,229,20433.157217902102
1,28.0644665,-82.4139140,230,20439.77428788678
1,28.0648968,-82.4139029,231,20487.47282917681
1,28.0648184,-82.4139041,232,20496.161956929685
1,28.0644665,-82.4139140,233,20535.171830096548
1,28.0647864,-82.4079991,234,21117.704712754232
1,28.0596764,-82.4130885,235,21873.351670597658
1,28.0597216,-82.4131347,236,21880.113250265596
1,28.0597370,-82.4131896,237,21885.77373943849
1,28.0597357,-82.4132616,238,21892.85335047913
1,28.0597098,-82.4133064,239,21898.110262745467
1,28.0596776,-82.4133430,240,21903.17776973596
2,28.0642789,-82.4136326,0,0.0
2,28.0648968,-82.4139029,1,73.4506396396874
2,28.0648184,-82.4139041,2,82.13976739256181
2,28.0644665,-82.4139140,3,121.14964055942339
2,28.0644665,-82.4139140,4,121.14964055942339
2,28.0644354,-82.4139737,5,127.95553428583196
2,28.0643550,-82.4140313,6,138.5124676253462
2,28.0642816,-82.4140394,7,146.68557078949945
2,28.0642236,-82.4140139,8,153.58467419106617
2,28.0642239,-82.4139482,9,160.04329886077488
2,28.0642248,-82.4137255,10,181.9357125056374
2,28.0642875,-82.4137242,11,188.88533215036344
2,28.0643834,-82.4137725,12,200.52542227969943
2,28.0644567,-82.4138476,13,211.50212031322553
2,28.0644665,-82.4139140,14,218.11919029790351
2,28.0648968,-82.4139029,15,265.8177315879374
2,28.0648889,-82.4134065,16,314.6231332542312
2,28.0649180,-82.4133260,17,323.16839076718793
2,28.0649722,-82.4132434,18,333.2683447576067
2,28.0650555,-82.4132176,19,342.84175311494573
2,28.0651540,-82.4132176,20,353.7575724959985
2,28.0656663,-82.4132162,21,410.531084656894
2,28.0657420,-82.4132162,22,418.9201973398498
2,28.0656663,-82.4132162,23,427.30931002280556
2,28.0656648,-82.4131127,24,437.48494301748593
2,28.0656587,-82.4125296,25,494.8089294143622
2,28.0656655,-82.4117882,26,567.6940601662006
2,28.0656669,-82.4117171,27,574.6850665605926
2,28.0657109,-82.4107053,28,674.2666388308005
2,28.0657109,-82.4107053,29,674.2666388308005
2,28.0657109,-82.4106221,30,682.4453763626278
2,28.0657114,-82.4093393,31,808.5473654684217
2,28.0657118,-82.4092181,32,820.4616664697529
2,28.0657113,-82.4082893,33,911.7647045968205
2,28.0657111,-82.4080873,34,931.6217479368071
2,28.0657111,-82.4080873,35,931.6217479368071
2,28.0658225,-82.4080709,36,944.071971493894
2,28.0664717,-82.4079635,37,1016.7871699912179
2,28.0675942,-82.4078286,38,1141.8880308252756
2,28.0676283,-82.4078204,39,1145.7520213340135
2,28.0676283,-82.4078204,40,1145.7520213340135
2,28.0676228,-82.4076683,41,1160.7159294237858
2,28.0675305,-82.4076200,42,1171.9928837402442
2,28.0674973,-82.4075234,43,1182.1765747942065
2,28.0675186,-82.4074349,44,1191.19071877701
2,28.0675802,-82.4073813,45,1199.8141216783454
2,28.0676702,-82.4073798,46,1209.789060320942
2,28.0677308,-82.4074313,47,1218.1991453234023
2,28.0677690,-82.4075317,48,1228.9381041518543
2,28.0677239,-82.4076158,49,1238.59855163526
2,28.0676559,-82.4076656,50,1247.5848051021435
2,28.0676643,-82.4078251,51,1263.2913228132243
2,28.0676643,-82.4078251,52,1263.2913228132243
2,28.0676283,-82.4078204,53,1267.3075246972858
2,28.0665471,-82.4080208,54,1388.7352868661255
2,28.0656660,-82.4075048,55,1498.7681811213813
2,28.0657111,-82.4080873,56,1556.2468965100256
2,28.0657080,-82.4079204,57,1572.657119235682
2,28.0657095,-82.4073893,58,1624.86564816717
2,28.0657098,-82.4072595,59,1637.6253085942753
2,28.0657092,-82.4069135,60,1671.637912319407
2,28.0657026,-82.4059338,61,1767.9472946334615
2,28.0657010,-82.4056975,62,1791.1767675371589
2,28.0657086,-82.4055516,63,1805.543758105485
2,28.0657313,-82.4052426,64,1836.0231064036336
2,28.0657826,-82.4049209,65,1868.153838151042
2,28.0657826,-82.4049209,66,1868.153838151042
2,28.0658584,-82.4046119,67,1899.6692924030597
2,28.0659845,-82.4041464,68,1947.5151126490184
2,28.0659845,-82.4041464,69,1947.5151126490184
2,28.0662330,-82.4034030,70,2025.609397761663
2,28.0663390,-82.4027670,71,2089.2232315448177
2,28.0663390,-82.4027670,72,2089.2232315448177
2,28.0662795,-82.4027830,73,2096.0020408077703
2,28.0656081,-82.4027674,74,2170.4227359005463
2,28.0655178,-82.4027673,75,2180.429832666352
2,28.0645855,-82.4027614,76,2283.749413127239
2,28.0635759,-82.4027605,77,2395.6338095520955
2,28.0622072,-82.4027541,78,2547.315085595732
2,28.0619195,-82.4027528,79,2579.1983858179556
2,28.0600191,-82.4027415,80,2789.8044693225297
2,28.0598293,-82.4027380,81,2810.8409986180905
2,28.0597782,-82.4027318,82,2816.5366278929255
2,28.0656070,-82.4028322,83,3462.562337549687
2,28.0635379,-82.4028841,84,3691.917771492582
2,28.0601332,-82.4028919,85,4069.2289317434365
2,28.0599903,-82.4050929,86,4286.181987813597
2,28.0599358,-82.4049696,87,4299.724660923235
2,28.0598408,-82.4047639,88,4322.522912488821
2,28.0598000,-82.4046270,89,4336.720427968832
2,28.0597857,-82.4044828,90,4350.984675906176
2,28.0597859,-82.4035759,91,4440.139773186695
2,28.0597860,-82.4028523,92,4511.275099124281
2,28.0597782,-82.4027318,93,4523.152651768824
2,28.0598968,-82.4046005,94,4707.329403633114
2,28.0599903,-82.4050929,95,4756.832530326968
2,28.0599123,-82.4051344,96,4766.390930696955
2,28.0597984,-82.4051798,97,4779.779205986512
2,28.0597185,-82.4052064,98,4789.011822134569
2,28.0596616,-82.4052126,99,4795.346892282062
2,28.0594837,-82.4052321,100,4815.154824922439
2,28.0589762,-82.4052321,101,4871.396181198265
2,28.0589188,-82.4052327,102,4877.75754573492
2,28.0585578,-82.4052365,103,4917.765453720715
2,28.0583356,-82.4052786,104,4942.735142981919
2,28.0580370,-82.4053351,105,4976.289042639992
2,28.0577672,-82.4054178,106,5007.2740431279535
2,28.0576853,-82.4054429,107,5016.679684719275
2,28.0576095,-82.4054590,108,5025.227684851468
2,28.0575147,-82.4054829,109,5035.992992862569
2,28.0574538,-82.4054982,110,5042.907535775928
2,28.0572114,-82.4055240,111,5069.889872256263
2,28.0569499,-82.4055152,112,5098.882309955502
2,28.0568981,-82.4055079,113,5104.6674909199355
2,28.0565828,-82.4054639,114,5139.875884536302
2,28.0577003,-82.4055273,115,5263.874398847302
2,28.0565828,-82.4054639,116,5387.872913158394
2,28.0566285,-82.4067231,117,5511.7689456477665
2,28.0566358,-82.4069230,118,5531.437837497187
2,28.0566491,-82.4072487,119,5563.491434975948
2,28.0566509,-82.4072921,120,5567.7627658329275
2,28.0566737,-82.4076182,121,5599.921192354286
2,28.0567115,-82.4078242,122,5620.601822596238
2,28.0567418,-82.4079186,123,5630.471106077943
2,28.0568630,-82.4082276,124,5663.685830080805
2,28.0569671,-82.4084493,125,5688.346043713591
2,28.0570325,-82.4086063,126,5705.397665058619
2,28.0570591,-82.4086702,127,5712.336923323224
2,28.0573207,-82.4096630,128,5814.153507025225
2,28.0570591,-82.4086702,129,5915.970090727253
2,28.0570970,-82.4087695,130,5926.597459561536
2,28.0570970,-82.4087695,131,5926.597459561536
2,28.0571475,-82.4089140,132,5941.865871888743
2,28.0571693,-82.4089893,133,5949.6528485708195
2,28.0571811,-82.4090688,134,5957.577128398343
2,28.0572190,-82.4092919,135,5979.908593967317
2,28.0572417,-82.4094808,136,5998.648935323695
2,28.0572720,-82.4098927,137,6039.281735439351
2,28.0572720,-82.4105451,138,6103.419056876761
2,28.0572342,-82.4109141,139,6139.936446000874
2,28.0572417,-82.4114377,140,6191.418189612009
2,28.0572342,-82.4109141,141,6242.89993322315
2,28.0572219,-82.4130934,142,6457.150930062935
2,28.0572212,-82.4129732,143,6468.968029622238
2,28.0572417,-82.4114377,144,6619.939896874311
2,28.0572219,-82.4130934,145,6782.726302462022
2,28.0573505,-82.4130950,146,6796.97867070395
2,28.0580326,-82.4130964,147,6872.569378299999
2,28.0586832,-82.4130967,148,6944.6691316107435
2,28.0590185,-82.4130917,149,6981.83046281178
2,28.0593131,-82.4130902,150,7014.478487267861
2,28.0596764,-82.4130885,151,7054.739889343986
2,28.0591628,-82.4130271,152,7111.976421976929
2,28.0591688,-82.4134026,153,7148.897097413646
2,28.0596776,-82.4133430,154,7205.586123697909
2,28.0593155,-82.4133456,155,7245.715008452266
2,28.0590457,-82.4133454,156,7275.6143603638775
2,28.0590184,-82.4133452,157,7278.639821260555
2,28.0586078,-82.4133416,158,7324.144053662416
2,28.0573476,-82.4133337,159,7463.802063848242
2,28.0572235,-82.4133327,160,7477.555223759407
2,28.0578225,-82.4156875,161,7718.383932696293
2,28.0577081,-82.4154040,162,7749.0026213699175
2,28.0575532,-82.4150747,163,7785.645569360736
2,28.0575228,-82.4150022,164,7793.529109755442
2,28.0573951,-82.4146472,165,7831.189128281981
2,28.0573036,-82.4143126,166,7865.610997240642
2,28.0572531,-82.4140533,167,7891.709818236763
2,28.0572343,-82.4137712,168,7919.521170702286
2,28.0572224,-82.4134684,169,7949.318590779957
2,28.0572235,-82.4133327,170,7962.65979528271
2,28.0580609,-82.4160442,171,8244.917711801763
2,28.0580866,-82.4176938,172,8407.113382154008
2,28.0580861,-82.4176277,173,8413.611848001114
2,28.0580899,-82.4172330,174,8452.416722928618
2,28.0580636,-82.4167827,175,8496.78114354811
2,28.0580467,-82.4166230,176,8512.592420111898
2,28.0580377,-82.4165384,177,8520.968961456716
2,28.0580181,-82.4163535,178,8539.275633498142
2,28.0579719,-82.4161240,179,8562.41121269605
2,28.0579299,-82.4159747,180,8577.809096007779
2,28.0578967,-82.4158758,181,8588.204733899222
2,28.0578742,-82.4158128,182,8594.881302464226
2,28.0578225,-82.4156875,183,8608.466702540793
2,28.0607478,-82.4177210,184,8989.33189743759
2,28.0603994,-82.4177210,185,9027.941734606482
2,28.0601741,-82.4177218,186,9052.909699885984
2,28.0595000,-82.4177132,187,9127.618526385377
2,28.0592529,-82.4177090,188,9155.005361998372
2,28.0591386,-82.4177073,189,9167.673236833596
2,28.0590284,-82.4177017,190,9179.898047529863
2,28.0581507,-82.4176948,191,9277.167474435426
2,28.0580866,-82.4176938,192,9284.271741563405
2,28.0603432,-82.4176764,193,9534.354920375183
2,28.0607478,-82.4177210,194,9579.406724145647
2,28.0608614,-82.4177639,195,9592.683547945799
2,28.0609220,-82.4178239,196,9601.62177426325
2,28.0609675,-82.4179012,197,9610.741602163644
2,28.0609978,-82.4179870,198,9619.820107057973
2,28.0610280,-82.4180900,199,9630.484434717207
2,28.0610280,-82.4184934,200,9670.141234422674
2,28.0610280,-82.4191764,201,9737.284502144224
2,28.0610280,-82.4191764,202,9737.284502144224
2,28.0610280,-82.4193946,203,9758.73495751374
2,28.0610432,-82.4194719,204,9766.518498851176
2,28.0610735,-82.4195491,205,9774.817411890228
2,28.0610937,-82.4195863,206,9779.105165154959
2,28.0611341,-82.4196607,207,9787.680669944217
2,28.0612476,-82.4194079,208,9815.534251620023
2,28.0626286,-82.4195285,209,9969.035812148939
2,28.0625626,-82.4195096,210,9976.582256751424
2,28.0622685,-82.4194291,211,10010.121521560406
2,28.0620081,-82.4194077,212,10039.055747638835
2,28.0617714,-82.4194130,213,10065.292121833672
2,28.0615064,-82.4194613,214,10095.040909687114
2,28.0612455,-82.4195959,215,10126.83792862901
2,28.0611341,-82.4196607,216,10140.729971016617
2,28.0625997,-82.4190210,217,10314.89775244278
2,28.0626286,-82.4195285,218,10364.890209978315
2,28.0626137,-82.4194023,219,10377.405699032404
2,28.0626141,-82.4192197,220,10395.356237986845
2,28.0626361,-82.4191251,221,10404.970161842904
2,28.0626664,-82.4190307,222,10414.838967822556
2,28.0627573,-82.4189449,223,10427.977414107976
2,28.0631440,-82.4189510,224,10470.83588375613
2,28.0632269,-82.4189523,225,10480.023789541277
2,28.0637587,-82.4189481,226,10538.959564517496
2,28.0637954,-82.4189479,227,10543.026723649393
2,28.0636657,-82.4189217,228,10557.629073357544
2,28.0637954,-82.4189479,229,10572.231423066036
2,28.0638971,-82.4189489,230,10583.502294686747
2,28.0639239,-82.4189492,231,10586.47243001832
2,28.0639239,-82.4189492,232,10586.47243001832
2,28.0639279,-82.4189492,233,10586.915711948068
2,28.0639800,-82.4189492,234,10592.68945909848
2,28.0640043,-82.4189492,235,10595.382396844283
2,28.0640043,-82.4189492,236,10595.382396844283
2,28.0640091,-82.4189127,237,10599.009697308466
2,28.0640182,-82.4188906,238,10601.404861142202
2,28.0640399,-82.4188630,239,10605.03038683508
2,28.0640596,-82.4188495,240,10607.585263616711
2,28.0640979,-82.4188401,241,10611.929111649099
2,28.0641363,-82.4188493,242,10616.279659131806
2,28.0641633,-82.4188700,243,10619.898185275559
2,28.0641778,-82.4188904,244,10622.46795485679
2,28.0641899,-82.4189247,245,10626.096617974334
2,28.0641918,-82.4189483,246,10628.42611650054
2,28.0641918,-82.4189483,247,10628.42611650054
2,28.0642155,-82.4189482,248,10631.052580434452
2,28.0645052,-82.4189473,249,10663.15739809067
2,28.0648775,-82.4189445,250,10704.41678636273
2,28.0650202,-82.4189455,251,10720.231177068932
2,28.0653087,-82.4189440,252,10752.203232003198
2,28.0654344,-82.4189452,253,10766.133869012614
2,28.0659679,-82.4189449,254,10825.256618964648
2,28.0660217,-82.4189449,255,10831.21876270992
2,28.0651757,-82.4188922,256,10925.115933458062
2,28.0660217,-82.4189449,257,11019.013104206048
2,28.0660191,-82.4188595,258,11027.413025595666
2,28.0660141,-82.4186960,259,11043.494927634281
2,28.0659787,-82.4185434,260,11059.000290311706
2,28.0659163,-82.4183674,261,11077.632234841922
2,28.0658495,-82.4182403,262,11092.154843677512
2,28.0657463,-82.4180969,263,11110.307234790325
2,28.0656069,-82.4179690,264,11130.225289372383
2,28.0656069,-82.4179690,265,11130.225289372383
2,28.0656442,-82.4179059,266,11137.679300438904
2,28.0658117,-82.4176132,267,11171.920376268043
2,28.0658211,-82.4175969,268,11173.831555298953
2,28.0658992,-82.4176103,269,11182.586301744988
2,28.0658992,-82.4176103,270,11182.586301744988
2,28.0659489,-82.4176612,271,11190.02749358063
2,28.0659939,-82.4176826,272,11195.439959818172
2,28.0664176,-82.4176800,273,11242.395309351594
2,28.0664176,-82.4176800,274,11242.395309351594
2,28.0666637,-82.4176770,275,11269.66983477761
2,28.0668531,-82.4176505,276,11290.82027628775
2,28.0670173,-82.4176533,277,11309.0190889678
2,28.0670173,-82.4176533,278,11309.0190889678
2,28.0671039,-82.4176547,279,11318.61713379382
2,28.0671039,-82.4176547,280,11318.61713379382
2,28.0671749,-82.4176559,281,11326.486275896712
2,28.0672643,-82.4176880,282,11336.883996464021
2,28.0673476,-82.4177824,283,11349.973248653558
2,28.0674131,-82.4178765,284,11361.731373817278
2,28.0674390,-82.4179292,285,11367.653814774972
2,28.0674390,-82.4179292,286,11367.653814774972
2,28.0677081,-82.4177442,287,11402.583108684199
2,28.0677636,-82.4176574,288,11413.101288563012
2,28.0678021,-82.4175662,289,11423.029768416975
2,28.0678242,-82.4172884,290,11450.447176564241
2,28.0678242,-82.4171367,291,11465.359318514964
2,28.0678242,-82.4168590,292,11492.657287002701
2,28.0678242,-82.4165050,293,11527.455561560739
2,28.0678242,-82.4159779,294,11579.269602576083
2,28.0678242,-82.4158893,295,11587.979001236423
2,28.0678166,-82.4158035,296,11596.455108190821
2,28.0678090,-82.4157262,297,11604.100249871444
2,28.0677333,-82.4154773,298,11629.965441438328
2,28.0677030,-82.4153743,299,11640.632656678385
2,28.0676811,-82.4152242,300,11655.585805403603
2,28.0676801,-82.4149951,301,11678.106686259418
2,28.0676795,-82.4148447,302,11692.891207223065
2,28.0676791,-82.4147428,303,11702.908110206794
2,28.0676776,-82.4143857,304,11738.011556408175
2,28.0676775,-82.4143085,305,11745.600351061808
2,28.0676700,-82.4140081,306,11775.141470242495
2,28.0676722,-82.4133495,307,11839.882539786355
2,28.0676727,-82.4132114,308,11853.45793102804
2,28.0677285,-82.4160802,309,12135.529688850545
2,28.0676002,-82.4148343,310,12258.82466631193
2,28.0657420,-82.4132162,311,12519.02899767431
2,28.0658406,-82.4132151,312,12529.956435215961
2,28.0663121,-82.4132133,313,12582.208608581182
2,28.0665871,-82.4132141,314,12612.684353883482
2,28.0669760,-82.4132153,315,12655.782618813559
2,28.0670641,-82.4132129,316,12665.548757689467
2,28.0671300,-82.4132128,317,12672.85183746338
2,28.0675640,-82.4132127,318,12720.947951761382
2,28.0676727,-82.4132114,319,12732.99482246508
2,28.0656663,-82.4132162,320,12955.345627677436
2,28.0657420,-82.4132162,321,12963.734740360393
2,28.0651540,-82.4132176,322,13028.89734372995
2,28.0656663,-82.4132162,323,13085.670855890845
2,28.0656080,-82.4112482,324,13279.237441700636
2,28.0656169,-82.4094790,325,13453.15653200441
2,28.0678411,-82.4076373,326,13758.986246339085
2,28.0596764,-82.4130885,327,14810.581789885786
2,28.0597216,-82.4131347,328,14817.343369553726
2,28.0597370,-82.4131896,329,14823.003858726619
2,28.0597357,-82.4132616,330,14830.083469767262
2,28.0597098,-82.4133064,331,14835.340382033599
2,28.0596776,-82.4133430,332,14840.40788902409
3,28.0687546,-82.4233954,0,0.0
3,28.0679783,-82.4253294,1,208.67103488757542
3,28.0674247,-82.4254607,2,271.36425488332856
3,28.0675837,-82.4254584,3,288.9861711839845
3,28.0686061,-82.4254436,4,402.2984409940325
3,28.0686003,-82.4243449,5,510.3020161101474
3,28.0686000,-82.4242843,6,516.2590588529848
3,28.0686038,-82.4242074,7,523.830011593811
3,28.0686076,-82.4241298,8,531.4696681499128
3,28.0686531,-82.4239925,9,545.8773449041703
3,28.0687212,-82.4238981,10,557.8382764505652
3,28.0687667,-82.4237865,11,569.9118283955261
3,28.0687894,-82.4236406,12,584.4726570071948
3,28.0687963,-82.4235290,13,595.4694796496918
3,28.0688040,-82.4234060,14,607.5903706903061
3,28.0687919,-82.4229115,15,656.2178785388903
3,28.0687919,-82.4229115,16,656.2178785388903
3,28.0690712,-82.4228954,17,687.2104958390331
3,28.0690712,-82.4228954,18,687.2104958390331
3,28.0690664,-82.4217126,19,803.4798620391479
3,28.0690688,-82.4209615,20,877.3127793435425
3,28.0690610,-82.4206454,21,908.397140036558
3,28.0690641,-82.4204761,22,925.0427204241088
3,28.0677139,-82.4204809,23,1074.673376867113
3,28.0661155,-82.4204825,24,1251.808982741801
3,28.0660217,-82.4204813,25,1262.2046165129314
3,28.0673111,-82.4250831,26,1736.5991695176247
3,28.0671040,-82.4248580,27,1768.479755153048
3,28.0669955,-82.4247908,28,1782.1988703752734
3,28.0669204,-82.4247767,29,1790.6361183552806
3,28.0668420,-82.4247558,30,1799.5640525613562
3,28.0668020,-82.4246646,31,1809.565164853141
3,28.0667841,-82.4245703,32,1819.0448366531
3,28.0667587,-82.4244500,33,1831.2008586677262
3,28.0667506,-82.4243535,34,1840.729299454511
3,28.0667560,-82.4243040,35,1845.631868844707
3,28.0667799,-82.4241645,36,1859.598324256616
3,28.0667961,-82.4240703,37,1869.030720302456
3,28.0668127,-82.4240096,38,1875.2747455271015
3,28.0668127,-82.4239066,39,1885.3997620345654
3,28.0668051,-82.4237865,40,1897.2357326714869
3,28.0667970,-82.4237281,41,1903.0462748598013
3,28.0667824,-82.4236234,42,1913.4648069586692
3,28.0673111,-82.4250831,43,2068.4558414980743
3,28.0673868,-82.4251603,44,2079.7681037496727
3,28.0674095,-82.4252461,45,2088.56946493967
3,28.0674247,-82.4254607,46,2109.731915817194
3,28.0660401,-82.4236032,47,2348.238153559889
3,28.0662280,-82.4236154,48,2369.0958357480827
3,28.0662825,-82.4236117,49,2375.14649564103
3,28.0663431,-82.4235805,50,2382.529414450771
3,28.0664098,-82.4235295,51,2391.460910019241
3,28.0664946,-82.4235032,52,2401.207624307403
3,28.0665627,-82.4235259,53,2409.07748418438
3,28.0666157,-82.4235633,54,2416.006718661436
3,28.0666763,-82.4235977,55,2423.525756054324
3,28.0667824,-82.4236234,56,2435.5521572735097
3,28.0668475,-82.4241032,57,2483.2656131697363
3,28.0646248,-82.4235664,58,2735.175189532283
3,28.0648899,-82.4235646,59,2764.5542358014773
3,28.0651247,-82.4235990,60,2790.793704607882
3,28.0652006,-82.4235969,61,2799.207513558404
3,28.0652460,-82.4235956,62,2804.2403870916337
3,28.0654352,-82.4235904,63,2825.2138567470884
3,28.0660401,-82.4236032,64,2892.2609921104436
3,28.0646248,-82.4235664,65,3049.146965535751
3,28.0642320,-82.4235690,66,3092.678004496214
3,28.0642083,-82.4236419,67,3100.310462964022
3,28.0642083,-82.4237363,68,3109.5903134695877
3,28.0642840,-82.4237792,69,3118.979781795933
3,28.0643522,-82.4237535,70,3126.9488095144798
3,28.0646248,-82.4235664,71,3162.3170063463567
3,28.0643901,-82.4238254,72,3198.71393764932
3,28.0660401,-82.4236032,73,3382.867766303779
3,28.0660223,-82.4206331,74,3674.8407318103546
3,28.0660217,-82.4204813,75,3689.7631008859153
3,28.0660217,-82.4204813,76,3689.7631008859153
3,28.0660247,-82.4203544,77,3702.2420350774973
3,28.0660250,-82.4190574,78,3829.7395363868427
3,28.0660217,-82.4189449,79,3840.804539576406
3,28.0661368,-82.4209448,80,4037.8116727187808
3,28.0660217,-82.4189449,81,4234.818805861158
3,28.0660191,-82.4188595,82,4243.218727250776
3,28.0660141,-82.4186960,83,4259.3006292893915
3,28.0659787,-82.4185434,84,4274.805991966817
3,28.0659163,-82.4183674,85,4293.437936497032
3,28.0658495,-82.4182403,86,4307.960545332623
3,28.0657463,-82.4180969,87,4326.112936445436
3,28.0656069,-82.4179690,88,4346.030991027494
3,28.0656069,-82.4179690,89,4346.030991027494
3,28.0656442,-82.4179059,90,4353.485002094014
3,28.0658117,-82.4176132,91,4387.726077923154
3,28.0658211,-82.4175969,92,4389.637256954064
3,28.0658992,-82.4176103,93,4398.392003400098
3,28.0658992,-82.4176103,94,4398.392003400098
3,28.0659489,-82.4176612,95,4405.833195235739
3,28.0659939,-82.4176826,96,4411.245661473281
3,28.0664176,-82.4176800,97,4458.201011006703
3,28.0664176,-82.4176800,98,4458.201011006703
3,28.0666637,-82.4176770,99,4485.4755364327175
3,28.0668531,-82.4176505,100,4506.625977942859
3,28.0670173,-82.4176533,101,4524.824790622909
3,28.0670173,-82.4176533,102,4524.824790622909
3,28.0671039,-82.4176547,103,4534.42283544893
3,28.0671039,-82.4176547,104,4534.42283544893
3,28.0671749,-82.4176559,105,4542.291977551823
3,28.0672643,-82.4176880,106,4552.689698119132
3,28.0673476,-82.4177824,107,4565.778950308669
3,28.0674131,-82.4178765,108,4577.537075472389
3,28.0674390,-82.4179292,109,4583.459516430084
3,28.0674390,-82.4179292,110,4583.459516430084
3,28.0677081,-82.4177442,111,4618.38881033931
3,28.0677636,-82.4176574,112,4628.906990218124
3,28.0678021,-82.4175662,113,4638.835470072087
3,28.0678242,-82.4172884,114,4666.252878219353
3,28.0678242,-82.4171367,115,4681.165020170076
3,28.0678242,-82.4168590,116,4708.462988657813
3,28.0678242,-82.4165050,117,4743.261263215851
3,28.0678242,-82.4159779,118,4795.075304231195
3,28.0678242,-82.4158893,119,4803.784702891535
3,28.0678166,-82.4158035,120,4812.260809845933
3,28.0678090,-82.4157262,121,4819.905951526556
3,28.0677333,-82.4154773,122,4845.77114309344
3,28.0677030,-82.4153743,123,4856.438358333496
3,28.0676811,-82.4152242,124,4871.3915070587145
3,28.0676801,-82.4149951,125,4893.912387914529
3,28.0676795,-82.4148447,126,4908.696908878176
3,28.0676791,-82.4147428,127,4918.713811861906
3,28.0676776,-82.4143857,128,4953.817258063286
3,28.0676775,-82.4143085,129,4961.406052716919
3,28.0676700,-82.4140081,130,4990.947171897606
3,28.0676722,-82.4133495,131,5055.688241441465
3,28.0676727,-82.4132114,132,5069.263632683151
3,28.0657420,-82.4132162,133,5283.225344841223
3,28.0658406,-82.4132151,134,5294.152782382874
3,28.0663121,-82.4132133,135,5346.404955748095
3,28.0665871,-82.4132141,136,5376.880701050395
3,28.0669760,-82.4132153,137,5419.978965980473
3,28.0670641,-82.4132129,138,5429.74510485638
3,28.0671300,-82.4132128,139,5437.048184630294
3,28.0675640,-82.4132127,140,5485.144298928295
3,28.0676727,-82.4132114,141,5497.191169631993
3,28.0651540,-82.4132176,142,5776.315484942599
3,28.0656663,-82.4132162,143,5833.088997103495
3,28.0648968,-82.4139029,144,5941.849730093879
3,28.0648889,-82.4134065,145,5990.6551317601725
3,28.0649180,-82.4133260,146,5999.200389273129
3,28.0649722,-82.4132434,147,6009.300343263548
3,28.0650555,-82.4132176,148,6018.873751620887
3,28.0651540,-82.4132176,149,6029.789571001939
3,28.0648968,-82.4139029,150,6102.9381824631855
3,28.0648184,-82.4139041,151,6111.62731021606
3,28.0644665,-82.4139140,152,6150.637183382922
3,28.0644665,-82.4139140,153,6150.637183382922
3,28.0644354,-82.4139737,154,6157.44307710933
3,28.0643550,-82.4140313,155,6168.0000104488445
3,28.0642816,-82.4140394,156,6176.173113612997
3,28.0642236,-82.4140139,157,6183.072217014565
3,28.0642239,-82.4139482,158,6189.530841684274
3,28.0642248,-82.4137255,159,6211.423255329136
3,28.0642875,-82.4137242,160,6218.372874973862
3,28.0643834,-82.4137725,161,6230.012965103198
3,28.0644567,-82.4138476,162,6240.989663136725
3,28.0644665,-82.4139140,163,6247.606733121403
3,28.0648930,-82.4168100,164,6536.189339373007
3,28.0648931,-82.4166852,165,6548.457543555156
3,28.0648925,-82.4165662,166,6560.155775038232
3,28.0648914,-82.4164517,167,6571.4121147895885
3,28.0648938,-82.4162826,168,6588.037259156876
3,28.0648944,-82.4161272,169,6603.313670961295
3,28.0648964,-82.4155608,170,6658.992861006433
3,28.0648961,-82.4153424,171,6680.462234671802
3,28.0648934,-82.4150247,172,6711.694491851996
3,28.0648936,-82.4147197,173,6741.67687771638
3,28.0648925,-82.4145894,174,6754.48632278669
3,28.0648935,-82.4145271,175,6760.611594673117
3,28.0648954,-82.4143821,176,6774.867066906334
3,28.0648947,-82.4142647,177,6786.408085287655
3,28.0648968,-82.4139029,178,6821.97482706232
3,28.0656069,-82.4179690,179,7229.355709841402
3,28.0655218,-82.4179063,180,7240.622024271901
3,28.0654859,-82.4178804,181,7245.3454111356805
3,28.0653552,-82.4177862,182,7262.536757930835
3,28.0651810,-82.4175973,183,7289.322969323467
3,28.0650611,-82.4174234,184,7310.974476921682
3,28.0649936,-82.4173069,185,7324.6533165429355
3,28.0649565,-82.4172090,186,7335.118607997348
3,28.0649159,-82.4170309,187,7353.195239760553
3,28.0648930,-82.4168100,188,7375.058132833678
3,28.0647892,-82.4146675,189,7585.986052298728
3,28.0642789,-82.4136326,190,7702.381492356557
3,28.0648208,-82.4163448,191,7975.67903950411
3,28.0654260,-82.4179792,192,8149.78164762592
3,28.0660137,-82.4191236,193,8279.771566152662
3,28.0661462,-82.4192041,194,8296.451848611656
3,28.0664449,-82.4177071,195,8447.286451715558
3,28.0679291,-82.4165168,196,8649.13876405459
3,28.0677897,-82.4146456,197,8833.725644700504
3,28.0672309,-82.4249241,198,9846.003279601258
3,28.0671289,-82.4131028,199,11008.101487636042
3,28.0656663,-82.4132162,200,11170.570459364157
3,28.0657420,-82.4132162,201,11178.959572047113
3,28.0656663,-82.4132162,202,11187.34868473007
3,28.0657420,-82.4132162,203,11195.737797413027
4,28.0581555,-82.4215321,0,0.0
4,28.0579898,-82.4215107,1,18.48306079263799
4,28.0580952,-82.4229479,2,160.25490692392566
4,28.0580929,-82.4213805,3,314.3447450658165
4,28.0580899,-82.4200569,4,444.4670504381714
4,28.0580938,-82.4199318,5,456.77310658430713
4,28.0578407,-82.4228062,6,740.741642543313
4,28.0578500,-82.4230895,7,768.6117272965247
4,28.0571335,-82.4229620,8,848.9977826932274
4,28.0572075,-82.4229624,9,857.1985845908757
4,28.0580043,-82.4229479,10,945.5117689077449
4,28.0580952,-82.4229479,11,955.5853421224635
4,28.0569817,-82.4250486,12,1196.1622515530705
4,28.0569817,-82.4232751,13,1370.515171755884
4,28.0569817,-82.4231452,14,1383.2856506593837
4,28.0570627,-82.4230134,15,1399.0484969957258
4,28.0571335,-82.4229620,16,1408.3809755472078
4,28.0569746,-82.4259820,17,1705.7989671063433
4,28.0569711,-82.4258382,18,1719.9412771658203
4,28.0569817,-82.4250486,19,1797.5758048995908
4,28.0569982,-82.4261751,20,1908.3371918088385
4,28.0569980,-82.4263195,21,1922.533181966237
4,28.0569982,-82.4268430,22,1973.9985038378184
4,28.0569888,-82.4270710,23,1996.437392218752
4,28.0569762,-82.4275805,24,2046.5458348341529
4,28.0569785,-82.4280645,25,2094.1285963295286
4,28.0569570,-82.4296525,26,2250.263198312715
4,28.0569579,-82.4305648,27,2339.95155644585
4,28.0569982,-82.4261751,28,2771.526429000077
4,28.0569746,-82.4259820,29,2790.6894147875005
4,28.0569208,-82.4280875,30,2997.767193444281
4,28.0570359,-82.4281330,31,3011.2842033687784
4,28.0569579,-82.4305648,32,3250.5108309969874
4,28.0575790,-82.4305648,33,3319.3413657740593
4,28.0579880,-82.4305734,34,3364.674786992506
4,28.0583317,-82.4311714,35,3434.723988726817
4,28.0583660,-82.4312320,36,3441.790858547081
4,28.0587060,-82.4320980,37,3534.891458171569
4,28.0588254,-82.4324916,38,3575.7855447809384
4,28.0588254,-82.4324916,39,3575.7855447809384
4,28.0587524,-82.4325696,40,3586.9320875374283
4,28.0586975,-82.4326606,41,3597.7509486769186
4,28.0586975,-82.4330871,42,3639.6795304338343
4,28.0587094,-82.4334760,43,3677.9344475413545
4,28.0587023,-82.4335833,44,3688.5122547878013
4,28.0586313,-82.4336933,45,3701.885759298139
4,28.0585958,-82.4337871,46,3711.9112544167856
4,28.0586360,-82.4338595,47,3720.3080543239485
4,28.0591899,-82.4338542,48,3781.693685872287
4,28.0591946,-82.4356322,49,3956.4862017211954
4,28.0598542,-82.4345757,50,4083.492260131775
4,28.0598600,-82.4355430,51,4178.587238691426
4,28.0598250,-82.4356250,52,4187.533052183002
4,28.0594369,-82.4356333,53,4230.550193578451
4,28.0594480,-82.4356290,54,4231.850906850271
4,28.0591946,-82.4356322,55,4259.934560201772
4,28.0587290,-82.4356380,56,4311.535689748478
4,28.0586840,-82.4359820,57,4345.719531335198
4,28.0586335,-82.4360896,58,4357.686741293251
4,28.0581610,-82.4370960,59,4469.626754110845
4,28.0581210,-82.4374420,60,4503.929301181793
4,28.0581170,-82.4377703,61,4536.207203527018
4,28.0581170,-82.4377703,62,4536.207203527018
4,28.0575070,-82.4377809,63,4603.815668982277
4,28.0575141,-82.4361958,64,4759.64819461803
4,28.0575803,-82.4360831,65,4772.936402813768
4,28.0575922,-82.4358578,66,4795.124763993681
4,28.0578596,-82.4358632,67,4824.762888914243
4,28.0579022,-82.4358202,68,4831.09987581047
4,28.0579661,-82.4357693,69,4839.7708590190905
4,28.0579614,-82.4349324,70,4922.047462781658
4,28.0587236,-82.4349378,71,5006.516433842895
4,28.0587290,-82.4356380,72,5075.354639091442
4,28.0586629,-82.4350451,73,5134.10025401785
4,28.0587290,-82.4356380,74,5192.845868944244
4,28.0587070,-82.4357280,75,5202.023397034475
4,28.0586840,-82.4359820,76,5227.12351215708
4,28.0612988,-82.4346213,77,5546.2819066657485
4,28.0615659,-82.4344950,78,5578.380607877631
4,28.0655351,-82.4345894,79,6018.347120314253
4,28.0630881,-82.4345779,80,6289.527212110339
4,28.0605618,-82.4345660,81,6569.495354879379
4,28.0605618,-82.4345660,82,6569.495354879379
4,28.0598542,-82.4345757,83,6647.917683418835
4,28.0635941,-82.4344850,84,7062.470970785561
4,28.0655351,-82.4345894,85,7277.818235429412
4,28.0655280,-82.4335594,86,7379.072658505923
4,28.0655209,-82.4331544,87,7418.892865786813
4,28.0655232,-82.4325107,88,7482.170573283864
4,28.0655236,-82.4320994,89,7522.6023353889295
4,28.0655260,-82.4315657,90,7575.066948744581
4,28.0655280,-82.4314753,91,7583.956240337548
4,28.0655264,-82.4307911,92,7651.214908375997
4,28.0655256,-82.4304346,93,7686.259791197042
4,28.0655256,-82.4304346,94,7686.259791197042
4,28.0658386,-82.4304338,95,7720.946700178423
4,28.0664889,-82.4304320,96,7793.013500532946
4,28.0664889,-82.4304320,97,7793.013500532946
4,28.0673624,-82.4304351,98,7889.815713777059
4,28.0673624,-82.4304351,99,7889.815713777059
4,28.0673529,-82.4294105,100,7990.540046790161
4,28.0655264,-82.4294278,101,8192.960875734463
4,28.0664142,-82.4294194,102,8291.350794274147
4,28.0673529,-82.4294105,103,8395.381704686024
4,28.0655256,-82.4304346,104,8621.527134003703
4,28.0655264,-82.4294278,105,8720.49793141351
4,28.0655264,-82.4294278,106,8720.49793141351
4,28.0655340,-82.4283892,107,8822.598172256803
4,28.0655688,-82.4273285,108,8926.938695356686
4,28.0655711,-82.4261564,109,9042.159058636935
4,28.0655456,-82.4259609,110,9061.583810602608
4,28.0655456,-82.4259609,111,9061.583810602608
4,28.0655478,-82.4256974,112,9087.48760959446
4,28.0655478,-82.4254828,113,9108.583279357355
4,28.0655820,-82.4252450,114,9132.264811944717
4,28.0656170,-82.4250924,115,9147.759071701874
4,28.0656766,-82.4249164,116,9166.278136642086
4,28.0657111,-82.4248544,117,9173.472819029474
4,28.0657801,-82.4247604,118,9185.466803921548
4,28.0658303,-82.4246920,119,9194.193737771318
4,28.0658892,-82.4245807,120,9206.933901297172
4,28.0659568,-82.4244529,121,9221.560956463678
4,28.0659711,-82.4244063,122,9226.408196702256
4,28.0660174,-82.4242555,123,9242.094998384151
4,28.0660401,-82.4240495,124,9262.50083484926
4,28.0660401,-82.4236032,125,9306.37294345861
4,28.0660221,-82.4245398,126,9398.464055762195
4,28.0668539,-82.4294859,127,9893.334099658774
4,28.0661097,-82.4235501,128,10482.631346478396
4,28.0659877,-82.4233507,129,10506.443264661422
4,28.0660217,-82.4204813,130,10788.535805128775
4,28.0660247,-82.4203544,131,10801.014739320357
4,28.0660250,-82.4190574,132,10928.512240629703
4,28.0660217,-82.4189449,133,10939.577243819267
4,28.0660043,-82.4208696,134,11128.788657506488
4,28.0661368,-82.4209448,135,11145.228171693178
4,28.0660137,-82.4191236,136,11324.774426939877
4,28.0661462,-82.4192041,137,11341.454709398871
4,28.0654260,-82.4179792,138,11485.914809425884
4,28.0655001,-82.4177664,139,11508.38762460182
4,28.0650025,-82.4165440,140,11640.601574879001
4,28.0648208,-82.4163448,141,11668.689185666948
4,28.0650233,-82.4142865,142,11872.26661444163
4,28.0647892,-82.4146675,143,11917.827561494285
4,28.0648930,-82.4168100,144,12128.755480959344
4,28.0648931,-82.4166852,145,12141.023685141494
4,28.0648925,-82.4165662,146,12152.721916624569
4,28.0648914,-82.4164517,147,12163.978256375925
4,28.0648938,-82.4162826,148,12180.603400743212
4,28.0648944,-82.4161272,149,12195.879812547631
4,28.0648964,-82.4155608,150,12251.559002592769
4,28.0648961,-82.4153424,151,12273.028376258138
4,28.0648934,-82.4150247,152,12304.26063343833
4,28.0648936,-82.4147197,153,12334.243019302714
4,28.0648925,-82.4145894,154,12347.052464373024
4,28.0648935,-82.4145271,155,12353.177736259451
4,28.0648954,-82.4143821,156,12367.433208492668
4,28.0648947,-82.4142647,157,12378.97422687399
4,28.0648968,-82.4139029,158,12414.540968648655
4,28.0656069,-82.4179690,159,12821.921851427736
4,28.0655218,-82.4179063,160,12833.188165858235
4,28.0654859,-82.4178804,161,12837.911552722015
4,28.0653552,-82.4177862,162,12855.10289951717
4,28.0651810,-82.4175973,163,12881.889110909802
4,28.0650611,-82.4174234,164,12903.540618508017
4,28.0649936,-82.4173069,165,12917.21945812927
4,28.0649565,-82.4172090,166,12927.684749583681
4,28.0649159,-82.4170309,167,12945.761381346887
4,28.0648930,-82.4168100,168,12967.624274420014
4,28.0660217,-82.4189449,169,13211.938422738529
4,28.0660191,-82.4188595,170,13220.338344128148
4,28.0660141,-82.4186960,171,13236.420246166763
4,28.0659787,-82.4185434,172,13251.925608844187
4,28.0659163,-82.4183674,173,13270.557553374403
4,28.0658495,-82.4182403,174,13285.080162209993
4,28.0657463,-82.4180969,175,13303.232553322807
4,28.0656069,-82.4179690,176,13323.150607904865
4,28.0642789,-82.4136326,177,13774.120547719336
4,28.0644665,-82.4139140,178,13808.724569613747
4,28.0644354,-82.4139737,179,13815.530463340156
4,28.0643550,-82.4140313,180,13826.08739667967
4,28.0642816,-82.4140394,181,13834.260499843824
4,28.0642236,-82.4140139,182,13841.15960324539
4,28.0642239,-82.4139482,183,13847.6182279151
4,28.0642248,-82.4137255,184,13869.510641559962
4,28.0642875,-82.4137242,185,13876.460261204687
4,28.0643834,-82.4137725,186,13888.100351334024
4,28.0644567,-82.4138476,187,13899.07704936755
4,28.0644665,-82.4139140,188,13905.694119352227
4,28.0648968,-82.4139029,189,13953.392660642261
4,28.0648184,-82.4139041,190,13962.081788395135
4,28.0644665,-82.4139140,191,14001.091661561997
4,28.0591628,-82.4130271,192,14595.281510242856
4,28.0578225,-82.4156875,193,14896.056082179563
4,28.0577081,-82.4154040,194,14926.674770853188
4,28.0575532,-82.4150747,195,14963.317718844006
4,28.0575228,-82.4150022,196,14971.201259238713
4,28.0573951,-82.4146472,197,15008.86127776525
4,28.0573036,-82.4143126,198,15043.283146723912
4,28.0572531,-82.4140533,199,15069.381967720034
4,28.0572343,-82.4137712,200,15097.193320185557
4,28.0572224,-82.4134684,201,15126.990740263227
4,28.0572235,-82.4133327,202,15140.33194476598
4,28.0580938,-82.4199318,203,15796.215878847215
4,28.0580920,-82.4197684,204,15812.280818608546
4,28.0580899,-82.4178167,205,16004.150765978222
4,28.0580866,-82.4176938,206,16016.238484029114
4,28.0577239,-82.4158121,207,16205.543379288678
4,28.0580609,-82.4160442,208,16249.308669090611
4,28.0580510,-82.4178021,209,16422.129716568816
4,28.0581775,-82.4180747,210,16452.37397272031
4,28.0572235,-82.4133327,211,16930.395035324713
4,28.0572219,-82.4130934,212,16953.92125229731
4,28.0572219,-82.4130934,213,16953.92125229731
4,28.0573505,-82.4130950,214,16968.173620539237
4,28.0580326,-82.4130964,215,17043.764328135287
4,28.0586832,-82.4130967,216,17115.86408144603
4,28.0590185,-82.4130917,217,17153.025412647068
4,28.0593131,-82.4130902,218,17185.67343710315
4,28.0596764,-82.4130885,219,17225.934839179274
4,28.0596776,-82.4133430,220,17250.954482935667
4,28.0593155,-82.4133456,221,17291.083367690026
4,28.0590457,-82.4133454,222,17320.982719601638
4,28.0590184,-82.4133452,223,17324.008180498317
4,28.0586078,-82.4133416,224,17369.512412900178
4,28.0573476,-82.4133337,225,17509.170423086005
4,28.0572235,-82.4133327,226,17522.92358299717
4,28.0660401,-82.4236032,227,18927.92851926916
4,28.0660223,-82.4206331,228,19219.901484775735
4,28.0660217,-82.4204813,229,19234.823853851296
4,28.0661098,-82.4235501,230,19536.65040059485
4,28.0656649,-82.4247330,231,19662.95263320213
4,28.0586819,-82.4348681,232,20924.515448500555
4,28.0656119,-82.4298120,233,21839.31197049364
4,28.0580866,-82.4176938,234,23293.495739975344
4,28.0580861,-82.4176277,235,23299.994205822448
4,28.0580899,-82.4172330,236,23338.799080749952
4,28.0580636,-82.4167827,237,23383.163501369443
4,28.0580467,-82.4166230,238,23398.97477793323
4,28.0580377,-82.4165384,239,23407.351319278045
4,28.0580181,-82.4163535,240,23425.65799131947
4,28.0579719,-82.4161240,241,23448.793570517377
4,28.0579299,-82.4159747,242,23464.191453829106
4,28.0578967,-82.4158758,243,23474.587091720547
4,28.0578742,-82.4158128,244,23481.26366028555
4,28.0578225,-82.4156875,245,23494.849060362118
4,28.0596764,-82.4130885,246,23822.708514433976
4,28.0597216,-82.4131347,247,23829.470094101915
4,28.0597370,-82.4131896,248,23835.130583274808
4,28.0597357,-82.4132616,249,23842.21019431545
4,28.0597098,-82.4133064,250,23847.467106581786
4,28.0596776,-82.4133430,251,23852.53461357228
4,28.0591688,-82.4134026,252,23909.22363985637
5,28.0642789,-82.4136326,0,0.0
5,28.0644665,-82.4139140,1,34.60402189441164
5,28.0644354,-82.4139737,2,41.4099156208202
5,28.0643550,-82.4140313,3,51.966848960334445
5,28.0642816,-82.4140394,4,60.139952124487685
5,28.0642236,-82.4140139,5,67.03905552605441
5,28.0642239,-82.4139482,6,73.49768019576314
5,28.0642248,-82.4137255,7,95.39009384062567
5,28.0642875,-82.4137242,8,102.33971348535168
5,28.0643834,-82.4137725,9,113.97980361468768
5,28.0644567,-82.4138476,10,124.95650164821379
5,28.0644665,-82.4139140,11,131.57357163289177
5,28.0648968,-82.4139029,12,179.27211292292566
5,28.0648184,-82.4139041,13,187.96124067580007
5,28.0644665,-82.4139140,14,226.97111384266165
5,28.0648968,-82.4139029,15,274.66965513269554
5,28.0648889,-82.4134065,16,323.4750567989894
5,28.0649180,-82.4133260,17,332.0203143119461
5,28.0649722,-82.4132434,18,342.1202683023649
5,28.0650555,-82.4132176,19,351.6936766597039
5,28.0651540,-82.4132176,20,362.60949604075665
5,28.0651540,-82.4132176,21,362.60949604075665
5,28.0656663,-82.4132162,22,419.38300820165216
5,28.0657420,-82.4132162,23,427.77212088460794
5,28.0658406,-82.4132151,24,438.69955842625876
5,28.0663121,-82.4132133,25,490.9517317914798
5,28.0665871,-82.4132141,26,521.42747709378
5,28.0669760,-82.4132153,27,564.5257420238574
5,28.0670641,-82.4132129,28,574.2918808997647
5,28.0671300,-82.4132128,29,581.5949606736785
5,28.0675640,-82.4132127,30,629.6910749716799
5,28.0676727,-82.4132114,31,641.7379456753774
5,28.0656663,-82.4132162,32,864.0887508877333
5,28.0657420,-82.4132162,33,872.4778635706891
5,28.0674390,-82.4179292,34,1372.486850167361
5,28.0677081,-82.4177442,35,1407.4161440765877
5,28.0677636,-82.4176574,36,1417.9343239554007
5,28.0678021,-82.4175662,37,1427.8628038093643
5,28.0678242,-82.4172884,38,1455.2802119566302
5,28.0678242,-82.4171367,39,1470.1923539073534
5,28.0678242,-82.4168590,40,1497.490322395091
5,28.0678242,-82.4165050,41,1532.288596953129
5,28.0678242,-82.4159779,42,1584.1026379684738
5,28.0678242,-82.4158893,43,1592.8120366288133
5,28.0678166,-82.4158035,44,1601.288143583212
5,28.0678090,-82.4157262,45,1608.9332852638354
5,28.0677333,-82.4154773,46,1634.798476830719
5,28.0677030,-82.4153743,47,1645.465692070775
5,28.0676811,-82.4152242,48,1660.418840795994
5,28.0676801,-82.4149951,49,1682.939721651808
5,28.0676795,-82.4148447,50,1697.7242426154555
5,28.0676791,-82.4147428,51,1707.7411455991848
5,28.0676776,-82.4143857,52,1742.8445918005655
5,28.0676775,-82.4143085,53,1750.433386454198
5,28.0676700,-82.4140081,54,1779.9745056348847
5,28.0676722,-82.4133495,55,1844.715575178744
5,28.0676727,-82.4132114,56,1858.2909664204296
5,28.0671289,-82.4131028,57,1919.4934171955836
5,28.0677897,-82.4146456,58,2087.9061138964803
5,28.0679291,-82.4165168,59,2272.4929945423937
5,28.0671039,-82.4176547,60,2416.973903760519
5,28.0671749,-82.4176559,61,2424.843045863412
5,28.0672643,-82.4176880,62,2435.2407664307216
5,28.0673476,-82.4177824,63,2448.330018620258
5,28.0674131,-82.4178765,64,2460.0881437839785
5,28.0674390,-82.4179292,65,2466.010584741673
5,28.0664449,-82.4177071,66,2578.319820271357
5,28.0670173,-82.4176533,67,2641.973569811033
5,28.0671039,-82.4176547,68,2651.5716146370532
5,28.0664176,-82.4176800,69,2727.6683947090983
5,28.0666637,-82.4176770,70,2754.9429201351127
5,28.0668531,-82.4176505,71,2776.0933616452544
5,28.0670173,-82.4176533,72,2794.292174325304
5,28.0658992,-82.4176103,73,2918.2726787943343
5,28.0659489,-82.4176612,74,2925.713870629976
5,28.0659939,-82.4176826,75,2931.1263368675177
5,28.0664176,-82.4176800,76,2978.0816864009403
5,28.0656069,-82.4179690,77,3072.3085630826813
5,28.0656442,-82.4179059,78,3079.762574149201
5,28.0658117,-82.4176132,79,3114.0036499783405
5,28.0658211,-82.4175969,80,3115.9148290092508
5,28.0658992,-82.4176103,81,3124.6695754552848
5,28.0660217,-82.4189449,82,3256.563805619454
5,28.0660191,-82.4188595,83,3264.963727009073
5,28.0660141,-82.4186960,84,3281.0456290476877
5,28.0659787,-82.4185434,85,3296.5509917251125
5,28.0659163,-82.4183674,86,3315.182936255328
5,28.0658495,-82.4182403,87,3329.7055450909193
5,28.0657463,-82.4180969,88,3347.857936203733
5,28.0656069,-82.4179690,89,3367.7759907857903
5,28.0641918,-82.4189483,90,3551.788749194717
5,28.0642155,-82.4189482,91,3554.41521312863
5,28.0645052,-82.4189473,92,3586.520030784849
5,28.0648775,-82.4189445,93,3627.7794190569084
5,28.0650202,-82.4189455,94,3643.5938097631115
5,28.0653087,-82.4189440,95,3675.5658646973775
5,28.0654344,-82.4189452,96,3689.496501706795
5,28.0659679,-82.4189449,97,3748.6192516588285
5,28.0660217,-82.4189449,98,3754.5813954041
5,28.0649089,-82.4190230,99,3878.1412052745836
5,28.0639239,-82.4189492,100,3987.54020335939
5,28.0639279,-82.4189492,101,3987.983485289137
5,28.0639800,-82.4189492,102,3993.7572324395483
5,28.0640043,-82.4189492,103,3996.4501701853524
5,28.0641918,-82.4189483,104,4017.2291994854822
5,28.0641790,-82.4190000,105,4022.5057363619067
5,28.0641580,-82.4190282,106,4026.1252487802185
5,28.0641434,-82.4190394,107,4028.0823018991346
5,28.0641058,-82.4190523,108,4032.4378454477933
5,28.0640654,-82.4190460,109,4036.9576234956976
5,28.0640350,-82.4190250,110,4040.908753155007
5,28.0640183,-82.4190024,111,4043.800272490362
5,28.0640063,-82.4189681,112,4047.42485996882
5,28.0640043,-82.4189492,113,4049.2959731422206
5,28.0637414,-82.4189781,114,4078.5688646573853
5,28.0637954,-82.4189479,115,4085.2491011003763
5,28.0638971,-82.4189489,116,4096.5199727210875
5,28.0639239,-82.4189492,117,4099.490108052661
5,28.0626286,-82.4195285,118,4253.919464089085
5,28.0626137,-82.4194023,119,4266.4349531431735
5,28.0626141,-82.4192197,120,4284.385492097614
5,28.0626361,-82.4191251,121,4293.999415953674
5,28.0626664,-82.4190307,122,4303.868221933324
5,28.0627573,-82.4189449,123,4317.006668218744
5,28.0631440,-82.4189510,124,4359.865137866898
5,28.0632269,-82.4189523,125,4369.053043652047
5,28.0637587,-82.4189481,126,4427.988818628264
5,28.0637954,-82.4189479,127,4432.055977760162
5,28.0626286,-82.4195285,128,4573.397706598561
5,28.0625626,-82.4195096,129,4580.944151201045
5,28.0622685,-82.4194291,130,4614.483416010027
5,28.0620081,-82.4194077,131,4643.417642088457
5,28.0617714,-82.4194130,132,4669.654016283294
5,28.0615064,-82.4194613,133,4699.4028041367355
5,28.0612455,-82.4195959,134,4731.199823078632
5,28.0611341,-82.4196607,135,4745.091865466239
5,28.0626315,-82.4196424,136,4911.0441574475535
5,28.0610280,-82.4191764,137,5094.554636105081
5,28.0610280,-82.4193946,138,5116.005091474595
5,28.0610432,-82.4194719,139,5123.788632812032
5,28.0610735,-82.4195491,140,5132.087545851084
5,28.0610937,-82.4195863,141,5136.375299115814
5,28.0611341,-82.4196607,142,5144.950803905072
5,28.0607478,-82.4177210,143,5340.382340550923
5,28.0608614,-82.4177639,144,5353.659164351076
5,28.0609220,-82.4178239,145,5362.597390668528
5,28.0609675,-82.4179012,146,5371.7172185689205
5,28.0609978,-82.4179870,147,5380.795723463249
5,28.0610280,-82.4180900,148,5391.460051122483
5,28.0610280,-82.4184934,149,5431.116850827949
5,28.0610280,-82.4191764,150,5498.260118549499
5,28.0607478,-82.4177210,151,5644.666281950238
5,28.0603994,-82.4177210,152,5683.276119119129
5,28.0601741,-82.4177218,153,5708.244084398632
5,28.0595000,-82.4177132,154,5782.952910898026
5,28.0592529,-82.4177090,155,5810.33974651102
5,28.0591386,-82.4177073,156,5823.007621346244
5,28.0590284,-82.4177017,157,5835.232432042511
5,28.0581507,-82.4176948,158,5932.501858948073
5,28.0580866,-82.4176938,159,5939.606126076053
5,28.0601447,-82.4177718,160,6167.814464104106
5,28.0580866,-82.4176938,161,6396.022802132144
5,28.0580861,-82.4176277,162,6402.5212679792485
5,28.0580899,-82.4172330,163,6441.326142906753
5,28.0580636,-82.4167827,164,6485.6905635262465
5,28.0580467,-82.4166230,165,6501.501840090033
5,28.0580377,-82.4165384,166,6509.87838143485
5,28.0580181,-82.4163535,167,6528.185053476275
5,28.0579719,-82.4161240,168,6551.320632674182
5,28.0579299,-82.4159747,169,6566.718515985911
5,28.0578967,-82.4158758,170,6577.114153877354
5,28.0578742,-82.4158128,171,6583.790722442358
5,28.0578225,-82.4156875,172,6597.376122518925
5,28.0577239,-82.4158121,173,6613.790853456682
5,28.0578225,-82.4156875,174,6630.205584394307
5,28.0577081,-82.4154040,175,6660.824273067931
5,28.0575532,-82.4150747,176,6697.46722105875
5,28.0575228,-82.4150022,177,6705.350761453456
5,28.0573951,-82.4146472,178,6743.010779979994
5,28.0573036,-82.4143126,179,6777.432648938656
5,28.0572531,-82.4140533,180,6803.531469934776
5,28.0572343,-82.4137712,181,6831.3428224003
5,28.0572224,-82.4134684,182,6861.140242477971
5,28.0572235,-82.4133327,183,6874.481446980723
5,28.0572235,-82.4133327,184,6874.481446980723
5,28.0572219,-82.4130934,185,6898.00766395332
5,28.0572219,-82.4130934,186,6898.00766395332
5,28.0573505,-82.4130950,187,6912.260032195248
5,28.0580326,-82.4130964,188,6987.850739791296
5,28.0586832,-82.4130967,189,7059.950493102041
5,28.0590185,-82.4130917,190,7097.111824303078
5,28.0593131,-82.4130902,191,7129.759848759159
5,28.0596764,-82.4130885,192,7170.021250835283
5,28.0596776,-82.4133430,193,7195.040894591679
5,28.0593155,-82.4133456,194,7235.169779346036
5,28.0590457,-82.4133454,195,7265.069131257647
5,28.0590184,-82.4133452,196,7268.094592154325
5,28.0586078,-82.4133416,197,7313.598824556186
5,28.0573476,-82.4133337,198,7453.256834742012
5,28.0572235,-82.4133327,199,7467.009994653177
5,28.0591628,-82.4130271,200,7684.013715308082
5,28.0572219,-82.4130934,201,7899.2037423517395
5,28.0572212,-82.4129732,202,7911.020841911042
5,28.0572417,-82.4114377,203,8061.992709163115
5,28.0569420,-82.4086537,204,8337.695507148726
5,28.0569155,-82.4085883,205,8344.76393562421
5,28.0568857,-82.4085538,206,8349.497833194899
5,28.0567570,-82.4082791,207,8380.038550804868
5,28.0566434,-82.4080045,208,8409.825674558624
5,28.0566055,-82.4078671,209,8423.97144280707
5,28.0565676,-82.4076611,210,8444.654340090623
5,28.0565449,-82.4073092,211,8479.341133778784
5,28.0565231,-82.4069235,212,8517.336370675283
5,28.0564388,-82.4054295,213,8664.50911278369
5,28.0565828,-82.4054639,214,8680.82165719133
5,28.0564388,-82.4054295,215,8697.134201599109
5,28.0599903,-82.4050929,216,9092.101449701184
5,28.0599123,-82.4051344,217,9101.659850071172
5,28.0597984,-82.4051798,218,9115.048125360729
5,28.0597185,-82.4052064,219,9124.280741508786
5,28.0596616,-82.4052126,220,9130.615811656278
5,28.0594837,-82.4052321,221,9150.423744296655
5,28.0589762,-82.4052321,222,9206.665100572482
5,28.0589188,-82.4052327,223,9213.026465109137
5,28.0585578,-82.4052365,224,9253.034373094932
5,28.0583356,-82.4052786,225,9278.004062356136
5,28.0580370,-82.4053351,226,9311.557962014209
5,28.0577672,-82.4054178,227,9342.54296250217
5,28.0576853,-82.4054429,228,9351.948604093492
5,28.0576095,-82.4054590,229,9360.496604225686
5,28.0575147,-82.4054829,230,9371.261912236787
5,28.0574538,-82.4054982,231,9378.176455150146
5,28.0572114,-82.4055240,232,9405.15879163048
5,28.0569499,-82.4055152,233,9434.15122932972
5,28.0568981,-82.4055079,234,9439.936410294154
5,28.0565828,-82.4054639,235,9475.144803910522
5,28.0576648,-82.4053355,236,9595.71504445465
5,28.0598216,-82.4048794,237,9838.901855742828
5,28.0599903,-82.4050929,238,9867.009521471708
5,28.0599358,-82.4049696,239,9880.552194581347
5,28.0598408,-82.4047639,240,9903.350446146933
5,28.0598000,-82.4046270,241,9917.547961626944
5,28.0597857,-82.4044828,242,9931.812209564287
5,28.0597859,-82.4035759,243,10020.967306844806
5,28.0597860,-82.4028523,244,10092.102632782393
5,28.0597782,-82.4027318,245,10103.980185426935
5,28.0663390,-82.4027670,246,10831.059347983743
5,28.0662795,-82.4027830,247,10837.838157246695
5,28.0656081,-82.4027674,248,10912.258852339472
5,28.0655178,-82.4027673,249,10922.265949105278
5,28.0645855,-82.4027614,250,11025.585529566166
5,28.0635759,-82.4027605,251,11137.469925991023
5,28.0622072,-82.4027541,252,11289.15120203466
5,28.0619195,-82.4027528,253,11321.034502256884
5,28.0600191,-82.4027415,254,11531.640585761457
5,28.0598293,-82.4027380,255,11552.677115057018
5,28.0597782,-82.4027318,256,11558.372744331853
5,28.0601783,-82.4026042,257,11604.452256336082
5,28.0631924,-82.4026265,258,11938.483356703893
5,28.0656023,-82.4027142,259,12205.688770163353
5,28.0659845,-82.4041464,260,12352.710253248992
5,28.0662330,-82.4034030,261,12430.804538361635
5,28.0663390,-82.4027670,262,12494.41837214479
5,28.0657826,-82.4049209,263,12714.946329768933
5,28.0658584,-82.4046119,264,12746.46178402095
5,28.0659845,-82.4041464,265,12794.307604266909
5,28.0657111,-82.4080873,266,13182.889005171557
5,28.0657080,-82.4079204,267,13199.299227897214
5,28.0657095,-82.4073893,268,13251.507756828702
5,28.0657098,-82.4072595,269,13264.267417255807
5,28.0657092,-82.4069135,270,13298.28002098094
5,28.0657026,-82.4059338,271,13394.589403294995
5,28.0657010,-82.4056975,272,13417.818876198691
5,28.0657086,-82.4055516,273,13432.185866767017
5,28.0657313,-82.4052426,274,13462.665215065164
5,28.0657826,-82.4049209,275,13494.795946812574
5,28.0657950,-82.4074325,276,13741.695232157948
5,28.0657111,-82.4080873,277,13806.731503374622
5,28.0658225,-82.4080709,278,13819.181726931709
5,28.0664717,-82.4079635,279,13891.896925429033
5,28.0675942,-82.4078286,280,14016.997786263091
5,28.0676283,-82.4078204,281,14020.86177677183
5,28.0676283,-82.4078204,282,14020.86177677183
5,28.0676228,-82.4076683,283,14035.825684861602
5,28.0675305,-82.4076200,284,14047.10263917806
5,28.0674973,-82.4075234,285,14057.286330232022
5,28.0675186,-82.4074349,286,14066.300474214826
5,28.0675802,-82.4073813,287,14074.923877116162
5,28.0676702,-82.4073798,288,14084.89881575876
5,28.0677308,-82.4074313,289,14093.30890076122
5,28.0677690,-82.4075317,290,14104.047859589671
5,28.0677239,-82.4076158,291,14113.708307073077
5,28.0676559,-82.4076656,292,14122.69456053996
5,28.0676643,-82.4078251,293,14138.40107825104
5,28.0678411,-82.4076373,294,14165.321132317802
5,28.0657109,-82.4107053,295,14548.314993878092
5,28.0657109,-82.4106221,296,14556.493731409919
5,28.0657114,-82.4093393,297,14682.595720515712
5,28.0657118,-82.4092181,298,14694.510021517042
5,28.0657113,-82.4082893,299,14785.81305964411
5,28.0657111,-82.4080873,300,14805.670102984097
5,28.0658117,-82.4098152,301,14975.891755776705
5,28.0658060,-82.4120271,302,15193.326965897673
5,28.0657109,-82.4107053,303,15323.689376683244
5,28.0657335,-82.4114205,304,15394.039651738323
5,28.0657408,-82.4117195,305,15423.443113741865
5,28.0657416,-82.4117893,306,15430.305173490142
5,28.0657420,-82.4125296,307,15503.078235818655
5,28.0657420,-82.4131150,308,15560.624288371775
5,28.0657420,-82.4132162,309,15570.572461446061
5,28.0565807,-82.4102603,310,16626.598111991032
5,28.0572417,-82.4114377,311,16763.580008022902
5,28.0571020,-82.4114357,312,16779.062862651812
5,28.0566282,-82.4114291,313,16831.57356196899
5,28.0566206,-82.4108025,314,16893.180616811143
5,28.0566206,-82.4105451,315,16918.485714992486
5,28.0566206,-82.4102876,316,16943.800644212322
5,28.0566263,-82.4097196,317,16999.644525337815
5,28.0566187,-82.4096252,318,17008.963166741923
5,28.0566159,-82.4095998,319,17011.479456575096
5,28.0565973,-82.4095727,320,17014.84795994859
5,28.0564259,-82.4094835,321,17035.769140208256
5,28.0564142,-82.4094793,322,17037.129895413265
5,28.0563272,-82.4094410,323,17047.480427018327
5,28.0565355,-82.4086283,324,17130.645306130755
5,28.0565557,-82.4087051,325,17138.520418255448
5,28.0566314,-82.4086622,326,17147.910012386637
5,28.0568258,-82.4086611,327,17169.45376296148
5,28.0569420,-82.4086537,328,17182.351622796807
5,28.0565557,-82.4087051,329,17225.458727736263
5,28.0565232,-82.4087239,330,17229.506930756223
5,28.0565031,-82.4087249,331,17231.7365884321
5,28.0565031,-82.4087249,332,17231.7365884321
5,28.0564118,-82.4087271,333,17241.85679882665
5,28.0564118,-82.4087271,334,17241.85679882665
5,28.0564207,-82.4088898,335,17257.88231201385
5,28.0564160,-82.4090052,336,17269.239304013106
5,28.0563983,-82.4091903,337,17287.542008548895
5,28.0563699,-82.4093297,338,17301.603260902488
5,28.0563272,-82.4094410,339,17313.524625415328
5,28.0596764,-82.4130885,340,17829.606959928486
5,28.0597216,-82.4131347,341,17836.368539596424
5,28.0597370,-82.4131896,342,17842.029028769317
5,28.0597357,-82.4132616,343,17849.108639809958
5,28.0597098,-82.4133064,344,17854.365552076295
5,28.0596776,-82.4133430,345,17859.43305906679
5,28.0591688,-82.4134026,346,17916.12208535088
