shape_id,shape_pt_lat,shape_pt_lon,shape_pt_sequence
3,28.0643789,-82.4136326,0
3,28.0642875,-82.4137242,1
3,28.0643834,-82.4137725,2
3,28.0644567,-82.4138476,3
3,28.0644665,-82.413914,4
3,28.0648118,-82.4138993,5
3,28.0648964,-82.4138957,6
3,28.0648947,-82.4142647,7
3,28.0648933,-82.4142865,8
3,28.0648954,-82.4143821,9
3,28.0648935,-82.4145271,10
3,28.0648925,-82.4145894,11
3,28.0648936,-82.4147197,12
3,28.0648934,-82.4150247,13
3,28.0648951,-82.4153359,14
3,28.0648964,-82.4155608,15
3,28.0648944,-82.4161272,16
3,28.0648938,-82.4162826,17
3,28.0648932,-82.4164449,18
3,28.064889,-82.416544,19
3,28.0648925,-82.4165662,20
3,28.0648931,-82.4166852,21
3,28.064893,-82.41681,22
3,28.0649159,-82.4170309,23
3,28.064938,-82.4171059,24
3,28.0649765,-82.4172369,25
3,28.065051,-82.41737,26
3,28.065181,-82.4175973,27
3,28.0653552,-82.4177862,28
3,28.0654501,-82.4178564,29
3,28.0654859,-82.4178804,30
3,28.0655218,-82.4179063,31
3,28.0656069,-82.417969,32
3,28.0656733,-82.4180179,33
3,28.065794,-82.418131,34
3,28.0659232,-82.4183612,35
3,28.0659914,-82.4185415,36
3,28.0660141,-82.418696,37
3,28.0660191,-82.4188595,38
3,28.0660217,-82.4189449,39
3,28.066025,-82.4190574,40
3,28.0660362,-82.4192041,41
3,28.0660247,-82.4203542,42
3,28.0660217,-82.4204813,43
3,28.0660226,-82.420628,44
3,28.0660268,-82.4209078,45
3,28.0661398,-82.4235901,46
3,28.0660401,-82.4236032,47
3,28.0660401,-82.4240495,48
3,28.0660174,-82.4242555,49
3,28.0659568,-82.4244529,50
3,28.0659221,-82.4244998,51
3,28.0658303,-82.424692,52
3,28.0657111,-82.4248544,53
3,28.0656766,-82.4249164,54
3,28.065617,-82.4250924,55
3,28.065582,-82.425245,56
3,28.0655478,-82.4254828,57
3,28.0655478,-82.4256974,58
3,28.0655456,-82.4259609,59
3,28.0655711,-82.4261564,60
3,28.0655688,-82.4273285,61
3,28.065534,-82.4283892,62
3,28.0655264,-82.4294278,63
3,28.0655232,-82.4303113,64
3,28.0655256,-82.4304346,65
3,28.065528,-82.4314753,66
3,28.065526,-82.4315657,67
3,28.0655236,-82.4320994,68
3,28.0655232,-82.4325107,69
3,28.0655209,-82.43309,70
3,28.065528,-82.4335594,71
3,28.0655351,-82.4345894,72
3,28.0635941,-82.434485,73
3,28.0612988,-82.4345713,74
3,28.0605618,-82.434566,75
3,28.059878,-82.434561,76
3,28.05986,-82.435543,77
3,28.059825,-82.435625,78
3,28.059448,-82.435629,79
3,28.0594369,-82.4356333,80
3,28.0591946,-82.4356322,81
3,28.0591899,-82.4338542,82
3,28.058636,-82.4338595,83
3,28.0585958,-82.4337871,84
3,28.0586313,-82.4336933,85
3,28.0587023,-82.4335833,86
3,28.0587094,-82.433476,87
3,28.0586975,-82.4330871,88
3,28.0586975,-82.4326606,89
3,28.0587524,-82.4325696,90
3,28.0588254,-82.4324916,91
3,28.058706,-82.432098,92
3,28.058366,-82.431232,93
3,28.0583317,-82.4311714,94
3,28.057988,-82.4305734,95
3,28.057579,-82.4305648,96
3,28.0569579,-82.4305648,97
3,28.056957,-82.4296525,98
3,28.0569708,-82.4280875,99
3,28.0569653,-82.4280627,100
3,28.0569678,-82.4275795,101
3,28.0569888,-82.427071,102
3,28.0569982,-82.426843,103
3,28.0569982,-82.4261751,104
3,28.0569746,-82.425982,105
3,28.0569698,-82.4258613,106
3,28.0569817,-82.4250486,107
3,28.0569879,-82.4231855,108
3,28.0569954,-82.4230911,109
3,28.0570485,-82.4229881,110
3,28.0571242,-82.4229538,111
3,28.0572075,-82.4229624,112
3,28.0578707,-82.4228962,113
3,28.0580043,-82.4229479,114
3,28.0580952,-82.4229479,115
3,28.0580758,-82.4215107,116
3,28.0580929,-82.4213805,117
3,28.0580922,-82.4208818,118
3,28.0580899,-82.4200569,119
3,28.0580938,-82.4199318,120
3,28.058092,-82.4197684,121
3,28.0580899,-82.4178167,122
3,28.058081,-82.4178021,123
3,28.0580866,-82.4176938,124
3,28.0580861,-82.4176277,125
3,28.0580899,-82.417233,126
3,28.0580636,-82.4167827,127
3,28.0580467,-82.416623,128
3,28.0580377,-82.4165384,129
3,28.0580181,-82.4163535,130
3,28.0579719,-82.416124,131
3,28.057928,-82.4159633,132
3,28.057839,-82.4157623,133
3,28.0578967,-82.4158758,134
3,28.0578742,-82.4158128,135
3,28.0578225,-82.4156875,136
3,28.0577023,-82.4154056,137
3,28.0575568,-82.4150706,138
3,28.0575265,-82.415002,139
3,28.057381,-82.414652,140
3,28.0572966,-82.4143149,141
3,28.0572531,-82.4140533,142
3,28.0572224,-82.4134684,143
3,28.0572235,-82.4133327,144
3,28.0572069,-82.4131004,145
3,28.0573536,-82.4130997,146
3,28.0580326,-82.4130964,147
3,28.0586688,-82.4130934,148
3,28.0589585,-82.4130894,149
3,28.0598532,-82.4130876,150
3,28.0599571,-82.4130871,151
3,28.0601587,-82.4130887,152
3,28.0608729,-82.4130856,153
3,28.0609107,-82.4130839,154
3,28.0609334,-82.4130856,155
3,28.0610705,-82.4130834,156
3,28.061116,-82.4131435,157
3,28.0611311,-82.4132207,158
3,28.061116,-82.4132979,159
3,28.0610705,-82.4133409,160
3,28.0609334,-82.4133516,161
3,28.060888,-82.4133516,162
3,28.0607591,-82.4133351,163
3,28.0602232,-82.4133381,164
3,28.0601581,-82.4133381,165
3,28.0600353,-82.4133385,166
3,28.059952,-82.4133385,167
3,28.0590457,-82.4133454,168
3,28.0573561,-82.4133319,169
3,28.0572235,-82.4133327,170
3,28.0572224,-82.4134684,171
3,28.0572531,-82.4140533,172
3,28.0572966,-82.4143149,173
3,28.057381,-82.414652,174
3,28.0575265,-82.415002,175
3,28.0575568,-82.4150706,176
3,28.0577023,-82.4154056,177
3,28.0578225,-82.4156875,178
3,28.0578742,-82.4158128,179
3,28.0578967,-82.4158758,180
3,28.057928,-82.4159633,181
3,28.0579509,-82.4160942,182
3,28.0579719,-82.416124,183
3,28.0580181,-82.4163535,184
3,28.0580377,-82.4165384,185
3,28.0580467,-82.416623,186
3,28.0580636,-82.4167827,187
3,28.0580899,-82.417233,188
3,28.0580861,-82.4176277,189
3,28.0580866,-82.4176938,190
3,28.0580899,-82.4178167,191
3,28.0580775,-82.4180747,192
3,28.058092,-82.4197684,193
3,28.0580938,-82.4199318,194
3,28.0580899,-82.4200569,195
3,28.0580922,-82.4208818,196
3,28.0580929,-82.4213805,197
3,28.0580755,-82.4215321,198
3,28.0580952,-82.4229479,199
3,28.0580043,-82.4229479,200
3,28.05785,-82.4229735,201
3,28.0572075,-82.4229624,202
3,28.0571242,-82.4229538,203
3,28.0570485,-82.4229881,204
3,28.0569954,-82.4230911,205
3,28.0569879,-82.4231855,206
3,28.0569817,-82.4250486,207
3,28.0569698,-82.4258613,208
3,28.0569746,-82.425982,209
3,28.0569982,-82.4261751,210
3,28.0569982,-82.426843,211
3,28.0569888,-82.427071,212
3,28.0569678,-82.4275795,213
3,28.0569653,-82.4280627,214
3,28.0569659,-82.428133,215
3,28.056957,-82.4296525,216
3,28.0569579,-82.4305648,217
3,28.057579,-82.4305648,218
3,28.057988,-82.4305734,219
3,28.0583317,-82.4311714,220
3,28.058366,-82.431232,221
3,28.058706,-82.432098,222
3,28.0588254,-82.4324916,223
3,28.0587524,-82.4325696,224
3,28.0586975,-82.4326606,225
3,28.0586975,-82.4330871,226
3,28.0587094,-82.433476,227
3,28.0587023,-82.4335833,228
3,28.0586313,-82.4336933,229
3,28.0585958,-82.4337871,230
3,28.058636,-82.4338595,231
3,28.0591899,-82.4338542,232
3,28.0591946,-82.4356322,233
3,28.058729,-82.435638,234
3,28.0587236,-82.4349378,235
3,28.0586819,-82.4347481,236
3,28.0579614,-82.4349324,237
3,28.0579661,-82.4357693,238
3,28.0579022,-82.4358202,239
3,28.0578596,-82.4358632,240
3,28.0575922,-82.4358578,241
3,28.0575803,-82.4360831,242
3,28.0575141,-82.4361958,243
3,28.057507,-82.4377809,244
3,28.058117,-82.4377703,245
3,28.058121,-82.437442,246
3,28.058161,-82.437096,247
3,28.0586335,-82.4360896,248
3,28.058684,-82.435982,249
3,28.058707,-82.435728,250
3,28.058729,-82.435638,251
3,28.0591946,-82.4356322,252
3,28.0594369,-82.4356333,253
3,28.059448,-82.435629,254
3,28.059825,-82.435625,255
3,28.05986,-82.435543,256
3,28.059878,-82.434561,257
3,28.0605618,-82.434566,258
3,28.0615659,-82.434575,259
3,28.0635941,-82.434485,260
3,28.0655351,-82.4345894,261
3,28.065528,-82.4335594,262
3,28.0655209,-82.43309,263
3,28.0655232,-82.4325107,264
3,28.0655236,-82.4320994,265
3,28.065526,-82.4315657,266
3,28.065528,-82.4314753,267
3,28.0655264,-82.4307911,268
3,28.0655256,-82.4304346,269
3,28.0658386,-82.4304338,270
3,28.0664889,-82.430432,271
3,28.0673624,-82.4304351,272
3,28.0673529,-82.4294105,273
3,28.0668539,-82.4294159,274
3,28.0664142,-82.4294194,275
3,28.0655264,-82.4294278,276
3,28.065534,-82.4283892,277
3,28.0655688,-82.4273285,278
3,28.0655711,-82.4261564,279
3,28.0655456,-82.4259609,280
3,28.0655478,-82.4256974,281
3,28.0655478,-82.4254828,282
3,28.065582,-82.425245,283
3,28.065617,-82.4250924,284
3,28.0656766,-82.4249164,285
3,28.0657111,-82.4248544,286
3,28.0658149,-82.424683,287
3,28.0658303,-82.424692,288
3,28.0659568,-82.4244529,289
3,28.0660174,-82.4242555,290
3,28.0660401,-82.4240495,291
3,28.0660401,-82.4236032,292
3,28.0659977,-82.4233807,293
3,28.0660243,-82.4208996,294
3,28.0660226,-82.420628,295
3,28.0660217,-82.4204813,296
3,28.0660247,-82.4203542,297
3,28.0660307,-82.4191236,298
3,28.066025,-82.4190574,299
3,28.0660217,-82.4189449,300
3,28.0660191,-82.4188595,301
3,28.0660141,-82.418696,302
3,28.0659914,-82.4185415,303
3,28.0659232,-82.4183612,304
3,28.065794,-82.418131,305
3,28.0656733,-82.4180179,306
3,28.0656069,-82.417969,307
3,28.0655218,-82.4179063,308
3,28.065476,-82.4178692,309
3,28.0654859,-82.4178804,310
3,28.0653552,-82.4177862,311
3,28.065181,-82.4175973,312
3,28.065051,-82.41737,313
3,28.0649765,-82.4172369,314
3,28.064938,-82.4171059,315
3,28.0649159,-82.4170309,316
3,28.064893,-82.41681,317
3,28.0648931,-82.4166852,318
3,28.0648925,-82.4165662,319
3,28.0648932,-82.4164449,320
3,28.0648908,-82.4163448,321
3,28.0648938,-82.4162826,322
3,28.0648944,-82.4161272,323
3,28.0648964,-82.4155608,324
3,28.0648951,-82.4153359,325
3,28.0648934,-82.4150247,326
3,28.0648936,-82.4147197,327
3,28.0648892,-82.4146675,328
3,28.0648925,-82.4145894,329
3,28.0648935,-82.4145271,330
3,28.0648954,-82.4143821,331
3,28.0648947,-82.4142647,332
3,28.0648964,-82.4138957,333
3,28.0648118,-82.4138993,334
3,28.0644665,-82.413914,335
3,28.0644354,-82.4139737,336
3,28.064355,-82.4140313,337
3,28.0642816,-82.4140394,338
3,28.0642236,-82.4140139,339
3,28.0642239,-82.4139482,340
3,28.0642248,-82.4137255,341
3,28.0642875,-82.4137242,342
3,28.0642789,-82.4137326,343