shape_id,shape_pt_lat,shape_pt_lon,shape_pt_sequence
2,28.0642789,-82.4136226,0
2,28.0642875,-82.4137242,1
2,28.0643834,-82.4137725,2
2,28.0644567,-82.4138476,3
2,28.0644665,-82.413914,4
2,28.0648118,-82.4138993,5
2,28.0648964,-82.4138957,6
2,28.065154,-82.4132176,7
2,28.0656663,-82.4132162,8
2,28.0656648,-82.4131127,9
2,28.0656587,-82.4125296,10
2,28.0656656,-82.4117907,11
2,28.0656662,-82.4117219,12
2,28.0657335,-82.4114205,13
2,28.065678,-82.4112482,14
2,28.0657109,-82.4107053,15
2,28.0657109,-82.4106221,16
2,28.0657069,-82.409479,17
2,28.0657114,-82.4093393,18
2,28.0657118,-82.4092181,19
2,28.0657118,-82.408278,20
2,28.0657111,-82.4080873,21
2,28.0655826,-82.4080869,22
2,28.0650195,-82.4080849,23
2,28.0649816,-82.408091,24
2,28.0648988,-82.4080845,25
2,28.0648483,-82.4080843,26
2,28.0647864,-82.4080842,27
2,28.0640455,-82.4080835,28
2,28.0637785,-82.4080805,29
2,28.0632799,-82.4080787,30
2,28.0631557,-82.4081019,31
2,28.0629708,-82.4081788,32
2,28.0628768,-82.4082154,33
2,28.0627456,-82.408295,34
2,28.0626833,-82.4083343,35
2,28.062559,-82.4084372,36
2,28.0624075,-82.4085402,37
2,28.062256,-82.4086175,38
2,28.0620763,-82.408682,39
2,28.0619475,-82.4087077,40
2,28.061849,-82.4087163,41
2,28.0618112,-82.4087163,42
2,28.0617513,-82.4087191,43
2,28.0616976,-82.4087249,44
2,28.0613281,-82.4087197,45
2,28.0611977,-82.4087249,46
2,28.0610548,-82.408726,47
2,28.0609485,-82.4087269,48
2,28.0608114,-82.4087228,49
2,28.0605638,-82.4087192,50
2,28.060516,-82.4087249,51
2,28.0604361,-82.4087669,52
2,28.0601637,-82.40872376,53
2,28.0601366,-82.4087668,54
2,28.0585607,-82.4087773,55
2,28.058223,-82.4087252,56
2,28.0572224,-82.4087668,57
2,28.057097,-82.4087695,58
2,28.0571413,-82.4088699,59
2,28.0571475,-82.408914,60
2,28.0571811,-82.4090688,61
2,28.057219,-82.4092919,62
2,28.0572417,-82.4094808,63
2,28.0572407,-82.409663,64
2,28.057272,-82.4098927,65
2,28.057272,-82.4105451,66
2,28.0572342,-82.4109141,67
2,28.0572417,-82.4114377,68
2,28.0572075,-82.4129613,69
2,28.0572069,-82.4131004,70
2,28.0573536,-82.4130997,71
2,28.0580326,-82.4130964,72
2,28.0586688,-82.4130934,73
2,28.0589585,-82.4130924,74
2,28.0598532,-82.4130876,75
2,28.0599571,-82.4130871,76
2,28.0601587,-82.4130887,77
2,28.0608729,-82.4130856,78
2,28.0609107,-82.4130839,79
2,28.0609334,-82.4130856,80
2,28.0610705,-82.4130834,81
2,28.061116,-82.4131435,82
2,28.0611311,-82.4132207,83
2,28.061116,-82.4132979,84
2,28.0610705,-82.4133409,85
2,28.0609334,-82.4133516,86
2,28.060888,-82.4133516,87
2,28.0606409,-82.4133339,88
2,28.0602232,-82.4133381,89
2,28.0601581,-82.4133381,90
2,28.0600353,-82.4133385,91
2,28.059952,-82.4133385,92
2,28.0590457,-82.4133454,93
2,28.0573561,-82.4133319,94
2,28.0572235,-82.4133327,95
2,28.0572069,-82.4131004,96
2,28.0572075,-82.4129613,97
2,28.0572417,-82.4114377,98
2,28.0572342,-82.4109141,99
2,28.0571887,-82.4105279,100
2,28.0571582,-82.4099013,101
2,28.0571357,-82.4094722,102
2,28.0571205,-82.4092919,103
2,28.0570827,-82.4090774,104
2,28.0570378,-82.4089223,105
2,28.0570277,-82.4088784,106
2,28.0569881,-82.4087641,107
2,28.056942,-82.4086537,108
2,28.0570591,-82.4086702,109
2,28.0571798,-82.4086756,110
2,28.0572322,-82.4086725,111
2,28.0574973,-82.408681,112
2,28.0582912,-82.4087235,113
2,28.0585607,-82.4086789,114
2,28.0590081,-82.4086716,115
2,28.0600642,-82.408723,116
2,28.0601367,-82.4086901,117
2,28.0604437,-82.4086896,118
2,28.060516,-82.4087249,119
2,28.0605638,-82.4087192,120
2,28.0608114,-82.4087228,121
2,28.0609485,-82.4087269,122
2,28.0610548,-82.408726,123
2,28.0611956,-82.4087117,124
2,28.0611977,-82.4087249,125
2,28.0616976,-82.4087249,126
2,28.0617513,-82.4087191,127
2,28.0618112,-82.4087163,128
2,28.061849,-82.4087163,129
2,28.0619475,-82.4087077,130
2,28.0620763,-82.408682,131
2,28.062256,-82.4086175,132
2,28.0624075,-82.4085402,133
2,28.062559,-82.4084372,134
2,28.0626833,-82.4083343,135
2,28.0627456,-82.408295,136
2,28.0628768,-82.4082154,137
2,28.0629708,-82.4081788,138
2,28.0631557,-82.4081019,139
2,28.0632799,-82.4080787,140
2,28.0637785,-82.4080805,141
2,28.0647717,-82.4080901,142
2,28.0647717,-82.4080901,143
2,28.0647864,-82.4080842,144
2,28.0648483,-82.4080843,145
2,28.0648988,-82.4080845,146
2,28.0650195,-82.4080849,147
2,28.0655826,-82.4080869,148
2,28.0657111,-82.4080873,149
2,28.0657118,-82.408278,150
2,28.0657118,-82.4092181,151
2,28.0657114,-82.4093393,152
2,28.0657117,-82.4098152,153
2,28.0657109,-82.4106221,154
2,28.0657109,-82.4107053,155
2,28.0657335,-82.4114205,156
2,28.065742,-82.4117228,157
2,28.065742,-82.4117962,158
2,28.06575,-82.4120271,159
2,28.065742,-82.4125296,160
2,28.065742,-82.413115,161
2,28.065742,-82.4132162,162
2,28.0658358,-82.413212,163
2,28.0663121,-82.4132133,164
2,28.0665871,-82.4132141,165
2,28.066976,-82.4132153,166
2,28.0670641,-82.4132129,167
2,28.0671289,-82.41321,168
2,28.06713,-82.4132128,169
2,28.0675549,-82.4132121,170
2,28.0676727,-82.4132114,171
2,28.0677746,-82.4132061,172
2,28.0678922,-82.4132,173
2,28.0684147,-82.413192,174
2,28.0684296,-82.4131995,175
2,28.0689577,-82.4131902,176
2,28.0690475,-82.4131939,177
2,28.0690475,-82.4130785,178
2,28.0690439,-82.4126112,179
2,28.0690428,-82.4099699,180
2,28.0690475,-82.4098706,181
2,28.0691729,-82.4098706,182
2,28.0692415,-82.40987,183
2,28.0695433,-82.4098673,184
2,28.0697693,-82.4098702,185
2,28.0702023,-82.4098757,186
2,28.070601,-82.409883,187
2,28.071162,-82.409888,188
2,28.0714139,-82.4098907,189
2,28.0718493,-82.4098953,190
2,28.0722018,-82.4099028,191
2,28.0723004,-82.409957,192
2,28.0723019,-82.4099049,193
2,28.0724746,-82.4099086,194
2,28.0726218,-82.4099125,195
2,28.0729702,-82.4099169,196
2,28.0732164,-82.4099221,197
2,28.0737504,-82.4099333,198
2,28.0748078,-82.4099556,199
2,28.074876,-82.409957,200
2,28.0749735,-82.4099896,201
2,28.076317,-82.409987,202
2,28.0767628,-82.409998,203
2,28.0770798,-82.4100291,204
2,28.0779,-82.4100261,205
2,28.0793006,-82.4100878,206
2,28.0793649,-82.4100907,207
2,28.0802117,-82.4101029,208
2,28.0802946,-82.4101539,209
2,28.0803419,-82.410237,210
2,28.0803585,-82.4103175,211
2,28.0803397,-82.4113221,212
2,28.080384,-82.411517,213
2,28.0803827,-82.4116439,214
2,28.0803466,-82.4126525,215
2,28.0803703,-82.4128066,216
2,28.0803774,-82.4133108,217
2,28.0803803,-82.4141866,218
2,28.079605,-82.414159,219
2,28.079382,-82.414151,220
2,28.0784997,-82.4141035,221
2,28.0784263,-82.4140955,222
2,28.0782938,-82.414121,223
2,28.0773283,-82.4140526,224
2,28.0762734,-82.4140481,225
2,28.0760381,-82.4140481,226
2,28.0743179,-82.4140203,227
2,28.0743012,-82.4140204,228
2,28.0739722,-82.4140151,229
2,28.0733152,-82.4140132,230
2,28.0728362,-82.4140065,231
2,28.072378,-82.414,232
2,28.0720765,-82.4140004,233
2,28.0719842,-82.4139992,234
2,28.0718967,-82.413999,235
2,28.0715264,-82.4139975,236
2,28.0702589,-82.4139866,237
2,28.0693046,-82.413982,238
2,28.0691753,-82.4139824,239
2,28.0690546,-82.4139851,240
2,28.0690475,-82.4131939,241
2,28.0689577,-82.4131902,242
2,28.0684147,-82.413192,243
2,28.0721565,-82.4140004,244
2,28.0678922,-82.4132,245
2,28.0677746,-82.4132061,246
2,28.0676727,-82.4132114,247
2,28.0675549,-82.4132121,248
2,28.0671448,-82.4132054,249
2,28.06713,-82.4132128,250
2,28.0670641,-82.4132129,251
2,28.066976,-82.4132153,252
2,28.0665871,-82.4132141,253
2,28.0663121,-82.4132133,254
2,28.0658358,-82.413212,255
2,28.065742,-82.4132162,256
2,28.0656663,-82.4132162,257
2,28.065154,-82.4132176,258
2,28.0648964,-82.4138957,259
2,28.0648118,-82.4138993,260
2,28.0644665,-82.413914,261
2,28.0644354,-82.4139737,262
2,28.064355,-82.4140313,263
2,28.0642816,-82.4140394,264
2,28.0642236,-82.4140139,265
2,28.0642239,-82.4139482,266
2,28.0642248,-82.4137255,267
2,28.0642875,-82.4137242,268
2,28.0642789,-82.4137326,269