shape_id,shape_pt_lat,shape_pt_lon,shape_pt_sequence
0,28.0642789,-82.4137326,0
0,28.0642875,-82.4137242,1
0,28.0643834,-82.4137725,2
0,28.0644567,-82.4138476,3
0,28.0644665,-82.413914,4
0,28.0648118,-82.4138993,5
0,28.0648964,-82.4138957,6
0,28.0648889,-82.4134065,7
0,28.064918,-82.413326,8
0,28.0649722,-82.4132434,9
0,28.0650555,-82.4132176,10
0,28.065154,-82.4132176,11
0,28.0656663,-82.4132162,12
0,28.065742,-82.4132162,13
0,28.0658358,-82.413212,14
0,28.0663121,-82.4132133,15
0,28.0665871,-82.4132141,16
0,28.066976,-82.4132153,17
0,28.0670641,-82.4132129,18
0,28.06713,-82.4132128,19
0,28.0671489,-82.4132028,20
0,28.0675549,-82.4132121,21
0,28.0676727,-82.4132114,22
0,28.0676722,-82.4133495,23
0,28.06767,-82.4140081,24
0,28.0676775,-82.4143085,25
0,28.0676776,-82.4143857,26
0,28.0676837,-82.4146456,27
0,28.0676791,-82.4147428,28
0,28.0676795,-82.4148447,29
0,28.0676801,-82.4149951,30
0,28.0676811,-82.4152242,31
0,28.067703,-82.4153743,32
0,28.0677333,-82.4154773,33
0,28.067809,-82.4157262,34
0,28.0678166,-82.4158035,35
0,28.0678242,-82.4158893,36
0,28.0678242,-82.4159779,37
0,28.0678191,-82.4165168,38
0,28.0678242,-82.416505,39
0,28.0678242,-82.416859,40
0,28.0678242,-82.4171367,41
0,28.0678242,-82.4172884,42
0,28.0678021,-82.4175662,43
0,28.0677636,-82.4176574,44
0,28.0677081,-82.4177442,45
0,28.067439,-82.4179292,46
0,28.0674227,-82.4179031,47
0,28.0673476,-82.4177824,48
0,28.0672643,-82.417688,49
0,28.0671749,-82.4176559,50
0,28.0671039,-82.4176547,51
0,28.0668531,-82.4176505,52
0,28.0666637,-82.417677,53
0,28.0664449,-82.4176871,54
0,28.0664176,-82.41768,55
0,28.0659939,-82.4176826,56
0,28.0659489,-82.4176612,57
0,28.0658992,-82.4176103,58
0,28.0658211,-82.4175969,59
0,28.0658117,-82.4176132,60
0,28.0656609,-82.4178752,61
0,28.0656069,-82.417969,62
0,28.0656733,-82.4180179,63
0,28.065794,-82.418131,64
0,28.0659232,-82.4183612,65
0,28.0659914,-82.4185415,66
0,28.0660141,-82.418696,67
0,28.0660191,-82.4188595,68
0,28.0660217,-82.4189449,69
0,28.0659679,-82.4189449,70
0,28.0654344,-82.4189452,71
0,28.0653549,-82.4189453,72
0,28.0650202,-82.4189455,73
0,28.0648885,-82.4189456,74
0,28.0648507,-82.4189462,75
0,28.0645052,-82.4189473,76
0,28.0642155,-82.4189482,77
0,28.0641918,-82.4189483,78
0,28.064179,-82.419,79
0,28.064158,-82.4190282,80
0,28.0641434,-82.4190394,81
0,28.0641058,-82.4190523,82
0,28.0640654,-82.419046,83
0,28.064035,-82.419025,84
0,28.0640183,-82.4190024,85
0,28.0640063,-82.4189681,86
0,28.0640043,-82.4189492,87
0,28.06398,-82.4189492,88
0,28.0639279,-82.4189492,89
0,28.0638971,-82.4189489,90
0,28.0638645,-82.4189503,91
0,28.0637954,-82.4189479,92
0,28.0637587,-82.4189481,93
0,28.0632269,-82.4189523,94
0,28.063144,-82.418951,95
0,28.0627573,-82.4189449,96
0,28.0626664,-82.4190307,97
0,28.0626361,-82.4191251,98
0,28.0626141,-82.4192197,99
0,28.0626137,-82.4194023,100
0,28.0626286,-82.4195285,101
0,28.0626315,-82.4195624,102
0,28.0625626,-82.4195096,103
0,28.0622685,-82.4194291,104
0,28.0620081,-82.4194077,105
0,28.0617714,-82.419413,106
0,28.0615064,-82.4194613,107
0,28.0612455,-82.4195959,108
0,28.0611341,-82.4196607,109
0,28.0610937,-82.4195863,110
0,28.0610735,-82.4195491,111
0,28.0610432,-82.4194719,112
0,28.061028,-82.4193946,113
0,28.061028,-82.4191764,114
0,28.061028,-82.4184934,115
0,28.061028,-82.41809,116
0,28.0609978,-82.417987,117
0,28.0609675,-82.4179012,118
0,28.060922,-82.4178239,119
0,28.0608614,-82.4177639,120
0,28.0607478,-82.417721,121
0,28.0603994,-82.417721,122
0,28.0601741,-82.4177218,123
0,28.0601447,-82.4177318,124
0,28.0595,-82.4177132,125
0,28.0592529,-82.417709,126
0,28.0591386,-82.4177073,127
0,28.0590284,-82.4177017,128
0,28.0581507,-82.4176948,129
0,28.0580866,-82.4176938,130
0,28.0580861,-82.4176277,131
0,28.0580899,-82.417233,132
0,28.0580636,-82.4167827,133
0,28.0580467,-82.416623,134
0,28.0580377,-82.4165384,135
0,28.0580181,-82.4163535,136
0,28.0579719,-82.416124,137
0,28.057928,-82.4159633,138
0,28.0578967,-82.4158758,139
0,28.0578742,-82.4158128,140
0,28.0578225,-82.4156875,141
0,28.0577023,-82.4154056,142
0,28.0575568,-82.4150706,143
0,28.0575265,-82.415002,144
0,28.057381,-82.414652,145
0,28.0572966,-82.4143149,146
0,28.0572531,-82.4140533,147
0,28.0572224,-82.4134684,148
0,28.0572235,-82.4133327,149
0,28.0572069,-82.4131004,150
0,28.0573536,-82.4130997,151
0,28.0580326,-82.4130964,152
0,28.0586688,-82.4130934,153
0,28.0589585,-82.4130824,154
0,28.0598532,-82.4130876,155
0,28.0599571,-82.4130871,156
0,28.0601587,-82.4130887,157
0,28.0608729,-82.4130856,158
0,28.0609107,-82.4130839,159
0,28.0609334,-82.4130856,160
0,28.0610705,-82.4130834,161
0,28.061116,-82.4131435,162
0,28.0611311,-82.4132207,163
0,28.061116,-82.4132979,164
0,28.0610705,-82.4133409,165
0,28.0609334,-82.4133516,166
0,28.060888,-82.4133516,167
0,28.0607591,-82.4133351,168
0,28.0602232,-82.4133381,169
0,28.0601581,-82.4133381,170
0,28.0600353,-82.4133385,171
0,28.059952,-82.4133385,172
0,28.0590457,-82.4133454,173
0,28.0573561,-82.4133319,174
0,28.0572335,-82.4133327,175
0,28.0572169,-82.4131004,176
0,28.0572075,-82.4129613,177
0,28.0572417,-82.4114377,178
0,28.0572342,-82.4109141,179
0,28.0571887,-82.4105279,180
0,28.0571582,-82.4099013,181
0,28.0571357,-82.4094722,182
0,28.0571205,-82.4092919,183
0,28.0570827,-82.4090774,184
0,28.0570378,-82.4089223,185
0,28.0570277,-82.4088784,186
0,28.0569881,-82.4087641,187
0,28.056942,-82.4086537,188
0,28.056891,-82.4085549,189
0,28.0568857,-82.4085538,190
0,28.056772,-82.4083118,191
0,28.056757,-82.4082791,192
0,28.0566434,-82.4080045,193
0,28.0566055,-82.4078671,194
0,28.0565676,-82.4076611,195
0,28.0565449,-82.4073092,196
0,28.0565231,-82.4069235,197
0,28.0564388,-82.4054295,198
0,28.0565828,-82.4054639,199
0,28.0568981,-82.4055079,200
0,28.0569499,-82.4055152,201
0,28.0572114,-82.405524,202
0,28.0574538,-82.4054982,203
0,28.0575147,-82.4054829,204
0,28.0576095,-82.405459,205
0,28.0576853,-82.4054429,206
0,28.0576956,-82.4054077,207
0,28.0577672,-82.4054178,208
0,28.058037,-82.4053351,209
0,28.0585578,-82.4052365,210
0,28.0589188,-82.4052327,211
0,28.0589762,-82.4052321,212
0,28.0594837,-82.4052321,213
0,28.0596616,-82.4052126,214
0,28.0597185,-82.4052064,215
0,28.0599003,-82.4051206,216
0,28.0599902,-82.405075,217
0,28.059938,-82.4049545,218
0,28.0598716,-82.4048794,219
0,28.0598,-82.404627,220
0,28.0597857,-82.4044828,221
0,28.0597859,-82.4035759,222
0,28.059786,-82.4028523,223
0,28.0597782,-82.4027318,224
0,28.0598622,-82.4027326,225
0,28.0600191,-82.4027415,226
0,28.0601783,-82.4027492,227
0,28.0619195,-82.4027528,228
0,28.0631924,-82.4027695,229
0,28.0635759,-82.4027605,230
0,28.0645855,-82.4027614,231
0,28.0655178,-82.4027673,232
0,28.0656023,-82.4027892,233
0,28.0656081,-82.4027674,234
0,28.0662507,-82.4027684,235
0,28.066339,-82.402767,236
0,28.066233,-82.403403,237
0,28.0659845,-82.4041464,238
0,28.0658584,-82.4046119,239
0,28.0657826,-82.4049209,240
0,28.0657313,-82.4052426,241
0,28.0657086,-82.4055516,242
0,28.065701,-82.4056975,243
0,28.0657026,-82.4059338,244
0,28.0657092,-82.4069135,245
0,28.0657098,-82.4072595,246
0,28.0657095,-82.4073893,247
0,28.065715,-82.4074425,248
0,28.065708,-82.4079204,249
0,28.0657111,-82.4080873,250
0,28.0658225,-82.4080709,251
0,28.0664717,-82.4079635,252
0,28.0675944,-82.4077809,253
0,28.0676218,-82.407775,254
0,28.0676228,-82.4076683,255
0,28.0675305,-82.40762,256
0,28.0674973,-82.4075234,257
0,28.0675186,-82.4074349,258
0,28.0675802,-82.4073813,259
0,28.0676702,-82.4073798,260
0,28.0677308,-82.4074313,261
0,28.067769,-82.4075317,262
0,28.0677239,-82.4076158,263
0,28.0676559,-82.4076656,264
0,28.067655,-82.4077746,265
0,28.0664817,-82.4079635,266
0,28.0658325,-82.4080709,267
0,28.0657211,-82.4080873,268
0,28.0657118,-82.408278,269
0,28.0657118,-82.4092181,270
0,28.0657114,-82.4093393,271
0,28.0657117,-82.4098152,272
0,28.0657109,-82.4106221,273
0,28.0657109,-82.4107053,274
0,28.0657335,-82.4114205,275
0,28.065742,-82.4117228,276
0,28.065742,-82.4117962,277
0,28.065751,-82.4120171,278
0,28.065742,-82.4125296,279
0,28.065742,-82.413115,280
0,28.065752,-82.4132162,281
0,28.0656763,-82.4132162,282
0,28.065164,-82.4132176,283
0,28.0650655,-82.4132176,284
0,28.0649822,-82.4132434,285
0,28.064928,-82.413326,286
0,28.0648989,-82.4134065,287
0,28.0649064,-82.4138957,288
0,28.0648218,-82.4138993,289
0,28.0644765,-82.413914,290
0,28.0644354,-82.4139737,291
0,28.064355,-82.4140313,292
0,28.0642816,-82.4140394,293
0,28.0642236,-82.4140139,294
0,28.0642239,-82.4139482,295
0,28.0642248,-82.4137255,296
0,28.0642975,-82.4137242,297
0,28.0642889,-82.4137326,298