shape_id,shape_pt_lat,shape_pt_lon,shape_pt_sequence,shape_dist_traveled
1337734,28.0519262,-82.4015845,0,null
1337734,28.0532267,-82.4018095,1,null
1337734,28.0481539,-82.4015547,2,null
1337734,28.0481965,-82.4018122,3,null
1337734,28.0508049,-82.4016651,4,null
1337734,28.0519917,-82.4016808,5,null
1337734,28.0529639,-82.4017170,6,null
1337734,28.0532680,-82.4017289,7,null
1337734,28.0533803,-82.4017325,8,null
1337734,28.0534586,-82.4017345,9,null
1337734,28.0538128,-82.4017438,10,null
1337734,28.0541908,-82.4017537,11,null
1337734,28.0543500,-82.4017727,12,null
1337734,28.0471917,-82.4016543,13,null
1337734,28.0480670,-82.4016450,14,null
1337734,28.0487610,-82.4016530,15,null
1337734,28.0494238,-82.4016637,16,null
1337734,28.0496913,-82.4016567,17,null
1337734,28.0506581,-82.4016671,18,null
1337734,28.0508049,-82.4016651,19,null
1337734,28.0435740,-82.4016780,20,null
1337734,28.0442803,-82.4016551,21,null
1337734,28.0449848,-82.4016465,22,null
1337734,28.0456514,-82.4016465,23,null
1337734,28.0463559,-82.4016551,24,null
1337734,28.0471917,-82.4016543,25,null
1337734,28.0435950,-82.4099000,26,null
1337734,28.0435900,-82.4091090,27,null
1337734,28.0435890,-82.4083300,28,null
1337734,28.0435920,-82.4075520,29,null
1337734,28.0435940,-82.4067850,30,null
1337734,28.0435983,-82.4060212,31,null
1337734,28.0435991,-82.4058817,32,null
1337734,28.0435980,-82.4052530,33,null
1337734,28.0436000,-82.4044900,34,null
1337734,28.0435960,-82.4037170,35,null
1337734,28.0435790,-82.4027900,36,null
1337734,28.0435740,-82.4016780,37,null
1337734,28.0437177,-82.4037863,38,null
1337734,28.0434905,-82.4036254,39,null
1337734,28.0435189,-82.4082388,40,null
1337734,28.0437414,-82.4083997,41,null
1337734,28.0435921,-82.4107332,42,null
1337734,28.0435950,-82.4099000,43,null
1337734,28.0435933,-82.4107389,44,null
1337734,28.0436240,-82.4108834,45,null
1337734,28.0436090,-82.4127029,46,null
1337734,28.0435848,-82.4128441,47,null
1337734,28.0435848,-82.4128441,48,null
1337734,28.0435529,-82.4127013,49,null
1337734,28.0435600,-82.4109203,50,null
1337734,28.0435933,-82.4107389,51,null
1337734,28.0435830,-82.4163385,52,null
1337734,28.0435830,-82.4161926,53,null
1337734,28.0435829,-82.4161084,54,null
1337734,28.0435797,-82.4142967,55,null
1337734,28.0435848,-82.4128441,56,null
1337734,28.0443471,-82.4160499,57,null
1337734,28.0466484,-82.4164839,58,null
1337734,28.0435830,-82.4161926,59,null
1337734,28.0437484,-82.4161942,60,null
1337734,28.0458122,-82.4162146,61,null
1337734,28.0466730,-82.4162188,62,null
1337734,28.0468022,-82.4162131,63,null
1337734,28.0490898,-82.4162096,64,null
1337734,28.0500247,-82.4162082,65,null
1337734,28.0503497,-82.4162077,66,null
1337734,28.0515212,-82.4161932,67,null
1337734,28.0526124,-82.4161840,68,null
1337734,28.0533017,-82.4162012,69,null
1337734,28.0543001,-82.4161979,70,null
1337734,28.0543784,-82.4161976,71,null
1337734,28.0545624,-82.4163280,72,null
1337734,28.0543784,-82.4163183,73,null
1337734,28.0542970,-82.4163213,74,null
1337734,28.0530924,-82.4163299,75,null
1337734,28.0525969,-82.4163128,76,null
1337734,28.0522109,-82.4163089,77,null
1337734,28.0515216,-82.4163136,78,null
1337734,28.0503520,-82.4163216,79,null
1337734,28.0500294,-82.4163255,80,null
1337734,28.0490901,-82.4163323,81,null
1337734,28.0477745,-82.4163418,82,null
1337734,28.0468024,-82.4163489,83,null
1337734,28.0466784,-82.4163558,84,null
1337734,28.0458488,-82.4163573,85,null
1337734,28.0457277,-82.4163467,86,null
1337734,28.0437531,-82.4163393,87,null
1337734,28.0435830,-82.4163385,88,null
1337734,28.0505350,-82.4160767,89,null
1337734,28.0509138,-82.4164844,90,null
1337734,28.0535886,-82.4160526,91,null
1337734,28.0534560,-82.4164415,92,null
1337734,28.0543784,-82.4161976,93,null
1337734,28.0543771,-82.4161378,94,null
1337734,28.0543737,-82.4145052,95,null
1337734,28.0543713,-82.4140787,96,null
1337734,28.0543714,-82.4133603,97,null
1337734,28.0543713,-82.4130863,98,null
1337734,28.0545527,-82.4133602,99,null
1337734,28.0545562,-82.4160970,100,null
1337734,28.0545564,-82.4161818,101,null
1337734,28.0545624,-82.4163280,102,null
1337734,28.0572235,-82.4133327,103,null
1337734,28.0571262,-82.4133335,104,null
1337734,28.0559730,-82.4133494,105,null
1337734,28.0546987,-82.4133591,106,null
1337734,28.0545527,-82.4133602,107,null
1337734,28.0543713,-82.4130863,108,null
1337734,28.0545566,-82.4130834,109,null
1337734,28.0545566,-82.4130834,110,null
1337734,28.0546935,-82.4130834,111,null
1337734,28.0553027,-82.4130834,112,null
1337734,28.0555110,-82.4130834,113,null
1337734,28.0560297,-82.4130886,114,null
1337734,28.0571188,-82.4130918,115,null
1337734,28.0572219,-82.4130934,116,null
1337734,28.0596776,-82.4133430,117,null
1337734,28.0593155,-82.4133456,118,null
1337734,28.0590457,-82.4133454,119,null
1337734,28.0590184,-82.4133452,120,null
1337734,28.0586078,-82.4133416,121,null
1337734,28.0573476,-82.4133337,122,null
1337734,28.0572235,-82.4133327,123,null
1337734,28.0572219,-82.4130934,124,null
1337734,28.0573505,-82.4130950,125,null
1337734,28.0580326,-82.4130964,126,null
1337734,28.0586832,-82.4130967,127,null
1337734,28.0590185,-82.4130917,128,null
1337734,28.0593131,-82.4130902,129,null
1337734,28.0596764,-82.4130885,130,null
1337734,28.0596764,-82.4130885,131,null
1337734,28.0597216,-82.4131347,132,null
1337734,28.0597370,-82.4131896,133,null
1337734,28.0597357,-82.4132616,134,null
1337734,28.0597098,-82.4133064,135,null
1337734,28.0596776,-82.4133430,136,null
1337734,28.0543500,-82.4017727,137,null
1337734,28.0545063,-82.4017942,138,null
1337734,28.0545063,-82.4017942,139,null
1337734,28.0555567,-82.4018020,140,null
1337734,28.0561296,-82.4018012,141,null
1337734,28.0562310,-82.4018018,142,null
1337734,28.0572039,-82.4018072,143,null
1337734,28.0582170,-82.4018159,144,null
1337734,28.0592460,-82.4018452,145,null
1337734,28.0593579,-82.4018484,146,null
1337734,28.0597635,-82.4018524,147,null
1337734,28.0603659,-82.4018620,148,null
1337734,28.0630739,-82.4018655,149,null
1337734,28.0634250,-82.4018635,150,null
1337734,28.0637752,-82.4018639,151,null
1337734,28.0645456,-82.4018682,152,null
1337734,28.0662739,-82.4018732,153,null
1337734,28.0663751,-82.4018765,154,null
1337734,28.0663390,-82.4027670,155,null
1337734,28.0663456,-82.4025129,156,null
1337734,28.0663490,-82.4023820,157,null
1337734,28.0663560,-82.4021040,158,null
1337734,28.0663751,-82.4018765,159,null
1337734,28.0659845,-82.4041464,160,null
1337734,28.0662330,-82.4034030,161,null
1337734,28.0663390,-82.4027670,162,null
1337734,28.0657826,-82.4049209,163,null
1337734,28.0658584,-82.4046119,164,null
1337734,28.0659845,-82.4041464,165,null
1337734,28.0657111,-82.4080873,166,null
1337734,28.0657080,-82.4079204,167,null
1337734,28.0657095,-82.4073893,168,null
1337734,28.0657098,-82.4072595,169,null
1337734,28.0657092,-82.4069135,170,null
1337734,28.0657026,-82.4059338,171,null
1337734,28.0657010,-82.4056975,172,null
1337734,28.0657086,-82.4055516,173,null
1337734,28.0657313,-82.4052426,174,null
1337734,28.0657826,-82.4049209,175,null
1337734,28.0657109,-82.4107053,176,null
1337734,28.0657109,-82.4106221,177,null
1337734,28.0657114,-82.4093393,178,null
1337734,28.0657118,-82.4092181,179,null
1337734,28.0657113,-82.4082893,180,null
1337734,28.0657111,-82.4080873,181,null
1337734,28.0657109,-82.4107053,182,null
1337734,28.0657335,-82.4114205,183,null
1337734,28.0657408,-82.4117195,184,null
1337734,28.0657416,-82.4117893,185,null
1337734,28.0657420,-82.4125296,186,null
1337734,28.0657420,-82.4131150,187,null
1337734,28.0657420,-82.4132162,188,null
1337734,28.0656663,-82.4132162,189,null
1337734,28.0656648,-82.4131127,190,null
1337734,28.0656587,-82.4125296,191,null
1337734,28.0656655,-82.4117882,192,null
1337734,28.0656669,-82.4117171,193,null
1337734,28.0657109,-82.4107053,194,null
1337734,28.0656663,-82.4132162,195,null
1337734,28.0657420,-82.4132162,196,null
1337734,28.0651540,-82.4132176,197,null
1337734,28.0656663,-82.4132162,198,null
1337734,28.0648968,-82.4139029,199,null
1337734,28.0648889,-82.4134065,200,null
1337734,28.0649180,-82.4133260,201,null
1337734,28.0649722,-82.4132434,202,null
1337734,28.0650555,-82.4132176,203,null
1337734,28.0651540,-82.4132176,204,null
1337734,28.0648968,-82.4139029,205,null
1337734,28.0648184,-82.4139041,206,null
1337734,28.0644665,-82.4139140,207,null
1337734,28.0644665,-82.4139140,208,null
1337734,28.0644354,-82.4139737,209,null
1337734,28.0643550,-82.4140313,210,null
1337734,28.0642816,-82.4140394,211,null
1337734,28.0642236,-82.4140139,212,null
1337734,28.0642239,-82.4139482,213,null
1337734,28.0642248,-82.4137255,214,null
1337734,28.0642875,-82.4137242,215,null
1337734,28.0643834,-82.4137725,216,null
1337734,28.0644567,-82.4138476,217,null
1337734,28.0644665,-82.4139140,218,null
1337734,28.0642789,-82.4136326,219,null
1337734,28.0656080,-82.4112482,220,null
1337734,28.0658117,-82.4098152,221,null
1337734,28.0656169,-82.4094790,222,null
1337734,28.0656660,-82.4075048,223,null
1337734,28.0657950,-82.4074325,224,null
1337734,28.0662779,-82.4024860,225,null
1337734,28.0662359,-82.4017507,226,null
1337734,28.0634724,-82.4019839,227,null
1337734,28.0634675,-82.4017881,228,null
1337734,28.0592351,-82.4016624,229,null
1337734,28.0593040,-82.4019447,230,null
1337734,28.0435092,-82.4135713,231,null
1337734,28.0436552,-82.4140997,232,null
1337734,28.0591628,-82.4130271,233,null
1337734,28.0591688,-82.4134026,234,null
1334825,28.0691753,-82.4139824,0,null
1334825,28.0693046,-82.4139820,1,null
1334825,28.0702589,-82.4139866,2,null
1334825,28.0715264,-82.4139975,3,null
1334825,28.0718967,-82.4139990,4,null
1334825,28.0719842,-82.4139992,5,null
1334825,28.0723780,-82.4140000,6,null
1334825,28.0728362,-82.4140065,7,null
1334825,28.0733152,-82.4140132,8,null
1334825,28.0739722,-82.4140151,9,null
1334825,28.0743179,-82.4140203,10,null
1334825,28.0743429,-82.4140207,11,null
1334825,28.0760381,-82.4140481,12,null
1334825,28.0762734,-82.4140481,13,null
1334825,28.0773283,-82.4140526,14,null
1334825,28.0784263,-82.4140955,15,null
1334825,28.0784997,-82.4141035,16,null
1334825,28.0793820,-82.4141510,17,null
1334825,28.0796050,-82.4141590,18,null
1334825,28.0803803,-82.4141866,19,null
1334825,28.0782938,-82.4141680,20,null
1334825,28.0720765,-82.4140796,21,null
1334825,28.0690546,-82.4139851,22,null
1334825,28.0691753,-82.4139824,23,null
1334825,28.0690546,-82.4139851,24,null
1334825,28.0690475,-82.4131939,25,null
1334825,28.0803803,-82.4141866,26,null
1334825,28.0803774,-82.4133108,27,null
1334825,28.0803703,-82.4128066,28,null
1334825,28.0803827,-82.4116439,29,null
1334825,28.0803840,-82.4115170,30,null
1334825,28.0803585,-82.4103175,31,null
1334825,28.0804166,-82.4126525,32,null
1334825,28.0804497,-82.4113221,33,null
1334825,28.0770798,-82.4099381,34,null
1334825,28.0690452,-82.4098734,35,null
1334825,28.0691729,-82.4098706,36,null
1334825,28.0692415,-82.4098700,37,null
1334825,28.0695433,-82.4098673,38,null
1334825,28.0697693,-82.4098702,39,null
1334825,28.0702023,-82.4098757,40,null
1334825,28.0706010,-82.4098830,41,null
1334825,28.0711620,-82.4098880,42,null
1334825,28.0714139,-82.4098907,43,null
1334825,28.0718493,-82.4098953,44,null
1334825,28.0722018,-82.4099028,45,null
1334825,28.0723019,-82.4099049,46,null
1334825,28.0724746,-82.4099086,47,null
1334825,28.0726218,-82.4099125,48,null
1334825,28.0729702,-82.4099169,49,null
1334825,28.0732164,-82.4099221,50,null
1334825,28.0737504,-82.4099333,51,null
1334825,28.0748078,-82.4099556,52,null
1334825,28.0748760,-82.4099570,53,null
1334825,28.0763170,-82.4099870,54,null
1334825,28.0767628,-82.4099980,55,null
1334825,28.0779000,-82.4100261,56,null
1334825,28.0793006,-82.4100878,57,null
1334825,28.0793649,-82.4100907,58,null
1334825,28.0802117,-82.4101029,59,null
1334825,28.0802946,-82.4101539,60,null
1334825,28.0803419,-82.4102370,61,null
1334825,28.0803585,-82.4103175,62,null
1334825,28.0749735,-82.4098576,63,null
1334825,28.0723004,-82.4098270,64,null
1334825,28.0690475,-82.4130785,65,null
1334825,28.0690439,-82.4126112,66,null
1334825,28.0690440,-82.4099810,67,null
1334825,28.0690452,-82.4098734,68,null
1334825,28.0676727,-82.4132114,69,null
1334825,28.0677775,-82.4132058,70,null
1334825,28.0678922,-82.4132000,71,null
1334825,28.0684147,-82.4131920,72,null
1334825,28.0689364,-82.4131982,73,null
1334825,28.0690475,-82.4131939,74,null
1334825,28.0690475,-82.4131939,75,null
1334825,28.0690475,-82.4130785,76,null
1334825,28.0657420,-82.4132162,77,null
1334825,28.0658406,-82.4132151,78,null
1334825,28.0663121,-82.4132133,79,null
1334825,28.0665871,-82.4132141,80,null
1334825,28.0669760,-82.4132153,81,null
1334825,28.0670641,-82.4132129,82,null
1334825,28.0671300,-82.4132128,83,null
1334825,28.0675640,-82.4132127,84,null
1334825,28.0676727,-82.4132114,85,null
1334825,28.0651540,-82.4132176,86,null
1334825,28.0656663,-82.4132162,87,null
1334825,28.0656663,-82.4132162,88,null
1334825,28.0656648,-82.4131127,89,null
1334825,28.0656587,-82.4125296,90,null
1334825,28.0656655,-82.4117882,91,null
1334825,28.0656669,-82.4117171,92,null
1334825,28.0657109,-82.4107053,93,null
1334825,28.0657109,-82.4107053,94,null
1334825,28.0657335,-82.4114205,95,null
1334825,28.0657408,-82.4117195,96,null
1334825,28.0657416,-82.4117893,97,null
1334825,28.0657420,-82.4125296,98,null
1334825,28.0657420,-82.4131150,99,null
1334825,28.0657420,-82.4132162,100,null
1334825,28.0657109,-82.4107053,101,null
1334825,28.0657109,-82.4106221,102,null
1334825,28.0657114,-82.4093393,103,null
1334825,28.0657118,-82.4092181,104,null
1334825,28.0657113,-82.4082893,105,null
1334825,28.0657111,-82.4080873,106,null
1334825,28.0617513,-82.4087191,107,null
1334825,28.0618112,-82.4087163,108,null
1334825,28.0618490,-82.4087163,109,null
1334825,28.0619475,-82.4087077,110,null
1334825,28.0620763,-82.4086820,111,null
1334825,28.0622560,-82.4086175,112,null
1334825,28.0624075,-82.4085402,113,null
1334825,28.0625590,-82.4084372,114,null
1334825,28.0626559,-82.4083657,115,null
1334825,28.0626925,-82.4083386,116,null
1334825,28.0628768,-82.4082154,117,null
1334825,28.0629737,-82.4081786,118,null
1334825,28.0631557,-82.4081019,119,null
1334825,28.0632799,-82.4080787,120,null
1334825,28.0637785,-82.4080805,121,null
1334825,28.0640455,-82.4080835,122,null
1334825,28.0647864,-82.4080842,123,null
1334825,28.0648483,-82.4080843,124,null
1334825,28.0648928,-82.4080844,125,null
1334825,28.0650195,-82.4080849,126,null
1334825,28.0655730,-82.4080858,127,null
1334825,28.0657111,-82.4080873,128,null
1334825,28.0605160,-82.4087249,129,null
1334825,28.0605638,-82.4087192,130,null
1334825,28.0608114,-82.4087228,131,null
1334825,28.0609485,-82.4087269,132,null
1334825,28.0610548,-82.4087260,133,null
1334825,28.0611977,-82.4087249,134,null
1334825,28.0616976,-82.4087249,135,null
1334825,28.0617513,-82.4087191,136,null
1334825,28.0605160,-82.4087249,137,null
1334825,28.0604361,-82.4087669,138,null
1334825,28.0601366,-82.4087668,139,null
1334825,28.0601366,-82.4087668,140,null
1334825,28.0585607,-82.4087773,141,null
1334825,28.0572098,-82.4087735,142,null
1334825,28.0570970,-82.4087695,143,null
1334825,28.0569881,-82.4087641,144,null
1334825,28.0601367,-82.4086901,145,null
1334825,28.0604437,-82.4086896,146,null
1334825,28.0605160,-82.4087249,147,null
1334825,28.0570591,-82.4086702,148,null
1334825,28.0571708,-82.4086782,149,null
1334825,28.0572322,-82.4086725,150,null
1334825,28.0574973,-82.4086810,151,null
1334825,28.0585607,-82.4086789,152,null
1334825,28.0590081,-82.4086716,153,null
1334825,28.0601367,-82.4086901,154,null
1334825,28.0569420,-82.4086537,155,null
1334825,28.0570591,-82.4086702,156,null
1334825,28.0572342,-82.4109141,157,null
1334825,28.0571887,-82.4105279,158,null
1334825,28.0571582,-82.4099013,159,null
1334825,28.0571357,-82.4094722,160,null
1334825,28.0571205,-82.4092919,161,null
1334825,28.0570827,-82.4090774,162,null
1334825,28.0570277,-82.4088784,163,null
1334825,28.0570378,-82.4089223,164,null
1334825,28.0569881,-82.4087641,165,null
1334825,28.0569420,-82.4086537,166,null
1334825,28.0570970,-82.4087695,167,null
1334825,28.0571475,-82.4089140,168,null
1334825,28.0571693,-82.4089893,169,null
1334825,28.0571811,-82.4090688,170,null
1334825,28.0572190,-82.4092919,171,null
1334825,28.0572417,-82.4094808,172,null
1334825,28.0572720,-82.4098927,173,null
1334825,28.0572720,-82.4105451,174,null
1334825,28.0572342,-82.4109141,175,null
1334825,28.0573207,-82.4096630,176,null
1334825,28.0582912,-82.4085935,177,null
1334825,28.0582230,-82.4088252,178,null
1334825,28.0572417,-82.4114377,179,null
1334825,28.0572342,-82.4109141,180,null
1334825,28.0572219,-82.4130934,181,null
1334825,28.0572212,-82.4129732,182,null
1334825,28.0572417,-82.4114377,183,null
1334825,28.0572219,-82.4130934,184,null
1334825,28.0573505,-82.4130950,185,null
1334825,28.0580326,-82.4130964,186,null
1334825,28.0586832,-82.4130967,187,null
1334825,28.0590185,-82.4130917,188,null
1334825,28.0593131,-82.4130902,189,null
1334825,28.0596764,-82.4130885,190,null
1334825,28.0591628,-82.4130271,191,null
1334825,28.0596776,-82.4133430,192,null
1334825,28.0593155,-82.4133456,193,null
1334825,28.0590457,-82.4133454,194,null
1334825,28.0590184,-82.4133452,195,null
1334825,28.0586078,-82.4133416,196,null
1334825,28.0573476,-82.4133337,197,null
1334825,28.0572235,-82.4133327,198,null
1334825,28.0572235,-82.4133327,199,null
1334825,28.0572219,-82.4130934,200,null
1334825,28.0591688,-82.4134026,201,null
1334825,28.0600642,-82.4086330,202,null
1334825,28.0601637,-82.4088376,203,null
1334825,28.0611956,-82.4085717,204,null
1334825,28.0613281,-82.4088507,205,null
1334825,28.0649816,-82.4082539,206,null
1334825,28.0656169,-82.4094790,207,null
1334825,28.0658117,-82.4098152,208,null
1334825,28.0656080,-82.4112482,209,null
1334825,28.0658060,-82.4120271,210,null
1334825,28.0642789,-82.4136326,211,null
1334825,28.0671289,-82.4131028,212,null
1334825,28.0671748,-82.4133054,213,null
1334825,28.0679830,-82.4133235,214,null
1334825,28.0684260,-82.4130960,215,null
1334825,28.0656663,-82.4132162,216,null
1334825,28.0657420,-82.4132162,217,null
1334825,28.0656663,-82.4132162,218,null
1334825,28.0657420,-82.4132162,219,null
1334825,28.0644665,-82.4139140,220,null
1334825,28.0644354,-82.4139737,221,null
1334825,28.0643550,-82.4140313,222,null
1334825,28.0642816,-82.4140394,223,null
1334825,28.0642236,-82.4140139,224,null
1334825,28.0642239,-82.4139482,225,null
1334825,28.0642248,-82.4137255,226,null
1334825,28.0642875,-82.4137242,227,null
1334825,28.0643834,-82.4137725,228,null
1334825,28.0644567,-82.4138476,229,null
1334825,28.0644665,-82.4139140,230,null
1334825,28.0648968,-82.4139029,231,null
1334825,28.0648184,-82.4139041,232,null
1334825,28.0644665,-82.4139140,233,null
1334825,28.0647864,-82.4079991,234,null
1334825,28.0596764,-82.4130885,235,null
1334825,28.0597216,-82.4131347,236,null
1334825,28.0597370,-82.4131896,237,null
1334825,28.0597357,-82.4132616,238,null
1334825,28.0597098,-82.4133064,239,null
1334825,28.0596776,-82.4133430,240,null
1335391,28.0642789,-82.4136326,0,null
1335391,28.0648968,-82.4139029,1,null
1335391,28.0648184,-82.4139041,2,null
1335391,28.0644665,-82.4139140,3,null
1335391,28.0644665,-82.4139140,4,null
1335391,28.0644354,-82.4139737,5,null
1335391,28.0643550,-82.4140313,6,null
1335391,28.0642816,-82.4140394,7,null
1335391,28.0642236,-82.4140139,8,null
1335391,28.0642239,-82.4139482,9,null
1335391,28.0642248,-82.4137255,10,null
1335391,28.0642875,-82.4137242,11,null
1335391,28.0643834,-82.4137725,12,null
1335391,28.0644567,-82.4138476,13,null
1335391,28.0644665,-82.4139140,14,null
1335391,28.0648968,-82.4139029,15,null
1335391,28.0648889,-82.4134065,16,null
1335391,28.0649180,-82.4133260,17,null
1335391,28.0649722,-82.4132434,18,null
1335391,28.0650555,-82.4132176,19,null
1335391,28.0651540,-82.4132176,20,null
1335391,28.0656663,-82.4132162,21,null
1335391,28.0657420,-82.4132162,22,null
1335391,28.0656663,-82.4132162,23,null
1335391,28.0656648,-82.4131127,24,null
1335391,28.0656587,-82.4125296,25,null
1335391,28.0656655,-82.4117882,26,null
1335391,28.0656669,-82.4117171,27,null
1335391,28.0657109,-82.4107053,28,null
1335391,28.0657109,-82.4107053,29,null
1335391,28.0657109,-82.4106221,30,null
1335391,28.0657114,-82.4093393,31,null
1335391,28.0657118,-82.4092181,32,null
1335391,28.0657113,-82.4082893,33,null
1335391,28.0657111,-82.4080873,34,null
1335391,28.0657111,-82.4080873,35,null
1335391,28.0658225,-82.4080709,36,null
1335391,28.0664717,-82.4079635,37,null
1335391,28.0675942,-82.4078286,38,null
1335391,28.0676283,-82.4078204,39,null
1335391,28.0676283,-82.4078204,40,null
1335391,28.0676228,-82.4076683,41,null
1335391,28.0675305,-82.4076200,42,null
1335391,28.0674973,-82.4075234,43,null
1335391,28.0675186,-82.4074349,44,null
1335391,28.0675802,-82.4073813,45,null
1335391,28.0676702,-82.4073798,46,null
1335391,28.0677308,-82.4074313,47,null
1335391,28.0677690,-82.4075317,48,null
1335391,28.0677239,-82.4076158,49,null
1335391,28.0676559,-82.4076656,50,null
1335391,28.0676643,-82.4078251,51,null
1335391,28.0676643,-82.4078251,52,null
1335391,28.0676283,-82.4078204,53,null
1335391,28.0665471,-82.4080208,54,null
1335391,28.0656660,-82.4075048,55,null
1335391,28.0657111,-82.4080873,56,null
1335391,28.0657080,-82.4079204,57,null
1335391,28.0657095,-82.4073893,58,null
1335391,28.0657098,-82.4072595,59,null
1335391,28.0657092,-82.4069135,60,null
1335391,28.0657026,-82.4059338,61,null
1335391,28.0657010,-82.4056975,62,null
1335391,28.0657086,-82.4055516,63,null
1335391,28.0657313,-82.4052426,64,null
1335391,28.0657826,-82.4049209,65,null
1335391,28.0657826,-82.4049209,66,null
1335391,28.0658584,-82.4046119,67,null
1335391,28.0659845,-82.4041464,68,null
1335391,28.0659845,-82.4041464,69,null
1335391,28.0662330,-82.4034030,70,null
1335391,28.0663390,-82.4027670,71,null
1335391,28.0663390,-82.4027670,72,null
1335391,28.0662795,-82.4027830,73,null
1335391,28.0656081,-82.4027674,74,null
1335391,28.0655178,-82.4027673,75,null
1335391,28.0645855,-82.4027614,76,null
1335391,28.0635759,-82.4027605,77,null
1335391,28.0622072,-82.4027541,78,null
1335391,28.0619195,-82.4027528,79,null
1335391,28.0600191,-82.4027415,80,null
1335391,28.0598293,-82.4027380,81,null
1335391,28.0597782,-82.4027318,82,null
1335391,28.0656070,-82.4028322,83,null
1335391,28.0635379,-82.4028841,84,null
1335391,28.0601332,-82.4028919,85,null
1335391,28.0599903,-82.4050929,86,null
1335391,28.0599358,-82.4049696,87,null
1335391,28.0598408,-82.4047639,88,null
1335391,28.0598000,-82.4046270,89,null
1335391,28.0597857,-82.4044828,90,null
1335391,28.0597859,-82.4035759,91,null
1335391,28.0597860,-82.4028523,92,null
1335391,28.0597782,-82.4027318,93,null
1335391,28.0598968,-82.4046005,94,null
1335391,28.0599903,-82.4050929,95,null
1335391,28.0599123,-82.4051344,96,null
1335391,28.0597984,-82.4051798,97,null
1335391,28.0597185,-82.4052064,98,null
1335391,28.0596616,-82.4052126,99,null
1335391,28.0594837,-82.4052321,100,null
1335391,28.0589762,-82.4052321,101,null
1335391,28.0589188,-82.4052327,102,null
1335391,28.0585578,-82.4052365,103,null
1335391,28.0583356,-82.4052786,104,null
1335391,28.0580370,-82.4053351,105,null
1335391,28.0577672,-82.4054178,106,null
1335391,28.0576853,-82.4054429,107,null
1335391,28.0576095,-82.4054590,108,null
1335391,28.0575147,-82.4054829,109,null
1335391,28.0574538,-82.4054982,110,null
1335391,28.0572114,-82.4055240,111,null
1335391,28.0569499,-82.4055152,112,null
1335391,28.0568981,-82.4055079,113,null
1335391,28.0565828,-82.4054639,114,null
1335391,28.0577003,-82.4055273,115,null
1335391,28.0565828,-82.4054639,116,null
1335391,28.0566285,-82.4067231,117,null
1335391,28.0566358,-82.4069230,118,null
1335391,28.0566491,-82.4072487,119,null
1335391,28.0566509,-82.4072921,120,null
1335391,28.0566737,-82.4076182,121,null
1335391,28.0567115,-82.4078242,122,null
1335391,28.0567418,-82.4079186,123,null
1335391,28.0568630,-82.4082276,124,null
1335391,28.0569671,-82.4084493,125,null
1335391,28.0570325,-82.4086063,126,null
1335391,28.0570591,-82.4086702,127,null
1335391,28.0573207,-82.4096630,128,null
1335391,28.0570591,-82.4086702,129,null
1335391,28.0570970,-82.4087695,130,null
1335391,28.0570970,-82.4087695,131,null
1335391,28.0571475,-82.4089140,132,null
1335391,28.0571693,-82.4089893,133,null
1335391,28.0571811,-82.4090688,134,null
1335391,28.0572190,-82.4092919,135,null
1335391,28.0572417,-82.4094808,136,null
1335391,28.0572720,-82.4098927,137,null
1335391,28.0572720,-82.4105451,138,null
1335391,28.0572342,-82.4109141,139,null
1335391,28.0572417,-82.4114377,140,null
1335391,28.0572342,-82.4109141,141,null
1335391,28.0572219,-82.4130934,142,null
1335391,28.0572212,-82.4129732,143,null
1335391,28.0572417,-82.4114377,144,null
1335391,28.0572219,-82.4130934,145,null
1335391,28.0573505,-82.4130950,146,null
1335391,28.0580326,-82.4130964,147,null
1335391,28.0586832,-82.4130967,148,null
1335391,28.0590185,-82.4130917,149,null
1335391,28.0593131,-82.4130902,150,null
1335391,28.0596764,-82.4130885,151,null
1335391,28.0591628,-82.4130271,152,null
1335391,28.0591688,-82.4134026,153,null
1335391,28.0596776,-82.4133430,154,null
1335391,28.0593155,-82.4133456,155,null
1335391,28.0590457,-82.4133454,156,null
1335391,28.0590184,-82.4133452,157,null
1335391,28.0586078,-82.4133416,158,null
1335391,28.0573476,-82.4133337,159,null
1335391,28.0572235,-82.4133327,160,null
1335391,28.0578225,-82.4156875,161,null
1335391,28.0577081,-82.4154040,162,null
1335391,28.0575532,-82.4150747,163,null
1335391,28.0575228,-82.4150022,164,null
1335391,28.0573951,-82.4146472,165,null
1335391,28.0573036,-82.4143126,166,null
1335391,28.0572531,-82.4140533,167,null
1335391,28.0572343,-82.4137712,168,null
1335391,28.0572224,-82.4134684,169,null
1335391,28.0572235,-82.4133327,170,null
1335391,28.0580609,-82.4160442,171,null
1335391,28.0580866,-82.4176938,172,null
1335391,28.0580861,-82.4176277,173,null
1335391,28.0580899,-82.4172330,174,null
1335391,28.0580636,-82.4167827,175,null
1335391,28.0580467,-82.4166230,176,null
1335391,28.0580377,-82.4165384,177,null
1335391,28.0580181,-82.4163535,178,null
1335391,28.0579719,-82.4161240,179,null
1335391,28.0579299,-82.4159747,180,null
1335391,28.0578967,-82.4158758,181,null
1335391,28.0578742,-82.4158128,182,null
1335391,28.0578225,-82.4156875,183,null
1335391,28.0607478,-82.4177210,184,null
1335391,28.0603994,-82.4177210,185,null
1335391,28.0601741,-82.4177218,186,null
1335391,28.0595000,-82.4177132,187,null
1335391,28.0592529,-82.4177090,188,null
1335391,28.0591386,-82.4177073,189,null
1335391,28.0590284,-82.4177017,190,null
1335391,28.0581507,-82.4176948,191,null
1335391,28.0580866,-82.4176938,192,null
1335391,28.0603432,-82.4176764,193,null
1335391,28.0607478,-82.4177210,194,null
1335391,28.0608614,-82.4177639,195,null
1335391,28.0609220,-82.4178239,196,null
1335391,28.0609675,-82.4179012,197,null
1335391,28.0609978,-82.4179870,198,null
1335391,28.0610280,-82.4180900,199,null
1335391,28.0610280,-82.4184934,200,null
1335391,28.0610280,-82.4191764,201,null
1335391,28.0610280,-82.4191764,202,null
1335391,28.0610280,-82.4193946,203,null
1335391,28.0610432,-82.4194719,204,null
1335391,28.0610735,-82.4195491,205,null
1335391,28.0610937,-82.4195863,206,null
1335391,28.0611341,-82.4196607,207,null
1335391,28.0612476,-82.4194079,208,null
1335391,28.0626286,-82.4195285,209,null
1335391,28.0625626,-82.4195096,210,null
1335391,28.0622685,-82.4194291,211,null
1335391,28.0620081,-82.4194077,212,null
1335391,28.0617714,-82.4194130,213,null
1335391,28.0615064,-82.4194613,214,null
1335391,28.0612455,-82.4195959,215,null
1335391,28.0611341,-82.4196607,216,null
1335391,28.0625997,-82.4190210,217,null
1335391,28.0626286,-82.4195285,218,null
1335391,28.0626137,-82.4194023,219,null
1335391,28.0626141,-82.4192197,220,null
1335391,28.0626361,-82.4191251,221,null
1335391,28.0626664,-82.4190307,222,null
1335391,28.0627573,-82.4189449,223,null
1335391,28.0631440,-82.4189510,224,null
1335391,28.0632269,-82.4189523,225,null
1335391,28.0637587,-82.4189481,226,null
1335391,28.0637954,-82.4189479,227,null
1335391,28.0636657,-82.4189217,228,null
1335391,28.0637954,-82.4189479,229,null
1335391,28.0638971,-82.4189489,230,null
1335391,28.0639239,-82.4189492,231,null
1335391,28.0639239,-82.4189492,232,null
1335391,28.0639279,-82.4189492,233,null
1335391,28.0639800,-82.4189492,234,null
1335391,28.0640043,-82.4189492,235,null
1335391,28.0640043,-82.4189492,236,null
1335391,28.0640091,-82.4189127,237,null
1335391,28.0640182,-82.4188906,238,null
1335391,28.0640399,-82.4188630,239,null
1335391,28.0640596,-82.4188495,240,null
1335391,28.0640979,-82.4188401,241,null
1335391,28.0641363,-82.4188493,242,null
1335391,28.0641633,-82.4188700,243,null
1335391,28.0641778,-82.4188904,244,null
1335391,28.0641899,-82.4189247,245,null
1335391,28.0641918,-82.4189483,246,null
1335391,28.0641918,-82.4189483,247,null
1335391,28.0642155,-82.4189482,248,null
1335391,28.0645052,-82.4189473,249,null
1335391,28.0648775,-82.4189445,250,null
1335391,28.0650202,-82.4189455,251,null
1335391,28.0653087,-82.4189440,252,null
1335391,28.0654344,-82.4189452,253,null
1335391,28.0659679,-82.4189449,254,null
1335391,28.0660217,-82.4189449,255,null
1335391,28.0651757,-82.4188922,256,null
1335391,28.0660217,-82.4189449,257,null
1335391,28.0660191,-82.4188595,258,null
1335391,28.0660141,-82.4186960,259,null
1335391,28.0659787,-82.4185434,260,null
1335391,28.0659163,-82.4183674,261,null
1335391,28.0658495,-82.4182403,262,null
1335391,28.0657463,-82.4180969,263,null
1335391,28.0656069,-82.4179690,264,null
1335391,28.0656069,-82.4179690,265,null
1335391,28.0656442,-82.4179059,266,null
1335391,28.0658117,-82.4176132,267,null
1335391,28.0658211,-82.4175969,268,null
1335391,28.0658992,-82.4176103,269,null
1335391,28.0658992,-82.4176103,270,null
1335391,28.0659489,-82.4176612,271,null
1335391,28.0659939,-82.4176826,272,null
1335391,28.0664176,-82.4176800,273,null
1335391,28.0664176,-82.4176800,274,null
1335391,28.0666637,-82.4176770,275,null
1335391,28.0668531,-82.4176505,276,null
1335391,28.0670173,-82.4176533,277,null
1335391,28.0670173,-82.4176533,278,null
1335391,28.0671039,-82.4176547,279,null
1335391,28.0671039,-82.4176547,280,null
1335391,28.0671749,-82.4176559,281,null
1335391,28.0672643,-82.4176880,282,null
1335391,28.0673476,-82.4177824,283,null
1335391,28.0674131,-82.4178765,284,null
1335391,28.0674390,-82.4179292,285,null
1335391,28.0674390,-82.4179292,286,null
1335391,28.0677081,-82.4177442,287,null
1335391,28.0677636,-82.4176574,288,null
1335391,28.0678021,-82.4175662,289,null
1335391,28.0678242,-82.4172884,290,null
1335391,28.0678242,-82.4171367,291,null
1335391,28.0678242,-82.4168590,292,null
1335391,28.0678242,-82.4165050,293,null
1335391,28.0678242,-82.4159779,294,null
1335391,28.0678242,-82.4158893,295,null
1335391,28.0678166,-82.4158035,296,null
1335391,28.0678090,-82.4157262,297,null
1335391,28.0677333,-82.4154773,298,null
1335391,28.0677030,-82.4153743,299,null
1335391,28.0676811,-82.4152242,300,null
1335391,28.0676801,-82.4149951,301,null
1335391,28.0676795,-82.4148447,302,null
1335391,28.0676791,-82.4147428,303,null
1335391,28.0676776,-82.4143857,304,null
1335391,28.0676775,-82.4143085,305,null
1335391,28.0676700,-82.4140081,306,null
1335391,28.0676722,-82.4133495,307,null
1335391,28.0676727,-82.4132114,308,null
1335391,28.0677285,-82.4160802,309,null
1335391,28.0676002,-82.4148343,310,null
1335391,28.0657420,-82.4132162,311,null
1335391,28.0658406,-82.4132151,312,null
1335391,28.0663121,-82.4132133,313,null
1335391,28.0665871,-82.4132141,314,null
1335391,28.0669760,-82.4132153,315,null
1335391,28.0670641,-82.4132129,316,null
1335391,28.0671300,-82.4132128,317,null
1335391,28.0675640,-82.4132127,318,null
1335391,28.0676727,-82.4132114,319,null
1335391,28.0656663,-82.4132162,320,null
1335391,28.0657420,-82.4132162,321,null
1335391,28.0651540,-82.4132176,322,null
1335391,28.0656663,-82.4132162,323,null
1335391,28.0656080,-82.4112482,324,null
1335391,28.0656169,-82.4094790,325,null
1335391,28.0678411,-82.4076373,326,null
1335391,28.0596764,-82.4130885,327,null
1335391,28.0597216,-82.4131347,328,null
1335391,28.0597370,-82.4131896,329,null
1335391,28.0597357,-82.4132616,330,null
1335391,28.0597098,-82.4133064,331,null
1335391,28.0596776,-82.4133430,332,null
1337716,28.0687546,-82.4233954,0,null
1337716,28.0679783,-82.4253294,1,null
1337716,28.0674247,-82.4254607,2,null
1337716,28.0675837,-82.4254584,3,null
1337716,28.0686061,-82.4254436,4,null
1337716,28.0686003,-82.4243449,5,null
1337716,28.0686000,-82.4242843,6,null
1337716,28.0686038,-82.4242074,7,null
1337716,28.0686076,-82.4241298,8,null
1337716,28.0686531,-82.4239925,9,null
1337716,28.0687212,-82.4238981,10,null
1337716,28.0687667,-82.4237865,11,null
1337716,28.0687894,-82.4236406,12,null
1337716,28.0687963,-82.4235290,13,null
1337716,28.0688040,-82.4234060,14,null
1337716,28.0687919,-82.4229115,15,null
1337716,28.0687919,-82.4229115,16,null
1337716,28.0690712,-82.4228954,17,null
1337716,28.0690712,-82.4228954,18,null
1337716,28.0690664,-82.4217126,19,null
1337716,28.0690688,-82.4209615,20,null
1337716,28.0690610,-82.4206454,21,null
1337716,28.0690641,-82.4204761,22,null
1337716,28.0677139,-82.4204809,23,null
1337716,28.0661155,-82.4204825,24,null
1337716,28.0660217,-82.4204813,25,null
1337716,28.0673111,-82.4250831,26,null
1337716,28.0671040,-82.4248580,27,null
1337716,28.0669955,-82.4247908,28,null
1337716,28.0669204,-82.4247767,29,null
1337716,28.0668420,-82.4247558,30,null
1337716,28.0668020,-82.4246646,31,null
1337716,28.0667841,-82.4245703,32,null
1337716,28.0667587,-82.4244500,33,null
1337716,28.0667506,-82.4243535,34,null
1337716,28.0667560,-82.4243040,35,null
1337716,28.0667799,-82.4241645,36,null
1337716,28.0667961,-82.4240703,37,null
1337716,28.0668127,-82.4240096,38,null
1337716,28.0668127,-82.4239066,39,null
1337716,28.0668051,-82.4237865,40,null
1337716,28.0667970,-82.4237281,41,null
1337716,28.0667824,-82.4236234,42,null
1337716,28.0673111,-82.4250831,43,null
1337716,28.0673868,-82.4251603,44,null
1337716,28.0674095,-82.4252461,45,null
1337716,28.0674247,-82.4254607,46,null
1337716,28.0660401,-82.4236032,47,null
1337716,28.0662280,-82.4236154,48,null
1337716,28.0662825,-82.4236117,49,null
1337716,28.0663431,-82.4235805,50,null
1337716,28.0664098,-82.4235295,51,null
1337716,28.0664946,-82.4235032,52,null
1337716,28.0665627,-82.4235259,53,null
1337716,28.0666157,-82.4235633,54,null
1337716,28.0666763,-82.4235977,55,null
1337716,28.0667824,-82.4236234,56,null
1337716,28.0668475,-82.4241032,57,null
1337716,28.0646248,-82.4235664,58,null
1337716,28.0648899,-82.4235646,59,null
1337716,28.0651247,-82.4235990,60,null
1337716,28.0652006,-82.4235969,61,null
1337716,28.0652460,-82.4235956,62,null
1337716,28.0654352,-82.4235904,63,null
1337716,28.0660401,-82.4236032,64,null
1337716,28.0646248,-82.4235664,65,null
1337716,28.0642320,-82.4235690,66,null
1337716,28.0642083,-82.4236419,67,null
1337716,28.0642083,-82.4237363,68,null
1337716,28.0642840,-82.4237792,69,null
1337716,28.0643522,-82.4237535,70,null
1337716,28.0646248,-82.4235664,71,null
1337716,28.0643901,-82.4238254,72,null
1337716,28.0660401,-82.4236032,73,null
1337716,28.0660223,-82.4206331,74,null
1337716,28.0660217,-82.4204813,75,null
1337716,28.0660217,-82.4204813,76,null
1337716,28.0660247,-82.4203544,77,null
1337716,28.0660250,-82.4190574,78,null
1337716,28.0660217,-82.4189449,79,null
1337716,28.0661368,-82.4209448,80,null
1337716,28.0660217,-82.4189449,81,null
1337716,28.0660191,-82.4188595,82,null
1337716,28.0660141,-82.4186960,83,null
1337716,28.0659787,-82.4185434,84,null
1337716,28.0659163,-82.4183674,85,null
1337716,28.0658495,-82.4182403,86,null
1337716,28.0657463,-82.4180969,87,null
1337716,28.0656069,-82.4179690,88,null
1337716,28.0656069,-82.4179690,89,null
1337716,28.0656442,-82.4179059,90,null
1337716,28.0658117,-82.4176132,91,null
1337716,28.0658211,-82.4175969,92,null
1337716,28.0658992,-82.4176103,93,null
1337716,28.0658992,-82.4176103,94,null
1337716,28.0659489,-82.4176612,95,null
1337716,28.0659939,-82.4176826,96,null
1337716,28.0664176,-82.4176800,97,null
1337716,28.0664176,-82.4176800,98,null
1337716,28.0666637,-82.4176770,99,null
1337716,28.0668531,-82.4176505,100,null
1337716,28.0670173,-82.4176533,101,null
1337716,28.0670173,-82.4176533,102,null
1337716,28.0671039,-82.4176547,103,null
1337716,28.0671039,-82.4176547,104,null
1337716,28.0671749,-82.4176559,105,null
1337716,28.0672643,-82.4176880,106,null
1337716,28.0673476,-82.4177824,107,null
1337716,28.0674131,-82.4178765,108,null
1337716,28.0674390,-82.4179292,109,null
1337716,28.0674390,-82.4179292,110,null
1337716,28.0677081,-82.4177442,111,null
1337716,28.0677636,-82.4176574,112,null
1337716,28.0678021,-82.4175662,113,null
1337716,28.0678242,-82.4172884,114,null
1337716,28.0678242,-82.4171367,115,null
1337716,28.0678242,-82.4168590,116,null
1337716,28.0678242,-82.4165050,117,null
1337716,28.0678242,-82.4159779,118,null
1337716,28.0678242,-82.4158893,119,null
1337716,28.0678166,-82.4158035,120,null
1337716,28.0678090,-82.4157262,121,null
1337716,28.0677333,-82.4154773,122,null
1337716,28.0677030,-82.4153743,123,null
1337716,28.0676811,-82.4152242,124,null
1337716,28.0676801,-82.4149951,125,null
1337716,28.0676795,-82.4148447,126,null
1337716,28.0676791,-82.4147428,127,null
1337716,28.0676776,-82.4143857,128,null
1337716,28.0676775,-82.4143085,129,null
1337716,28.0676700,-82.4140081,130,null
1337716,28.0676722,-82.4133495,131,null
1337716,28.0676727,-82.4132114,132,null
1337716,28.0657420,-82.4132162,133,null
1337716,28.0658406,-82.4132151,134,null
1337716,28.0663121,-82.4132133,135,null
1337716,28.0665871,-82.4132141,136,null
1337716,28.0669760,-82.4132153,137,null
1337716,28.0670641,-82.4132129,138,null
1337716,28.0671300,-82.4132128,139,null
1337716,28.0675640,-82.4132127,140,null
1337716,28.0676727,-82.4132114,141,null
1337716,28.0651540,-82.4132176,142,null
1337716,28.0656663,-82.4132162,143,null
1337716,28.0648968,-82.4139029,144,null
1337716,28.0648889,-82.4134065,145,null
1337716,28.0649180,-82.4133260,146,null
1337716,28.0649722,-82.4132434,147,null
1337716,28.0650555,-82.4132176,148,null
1337716,28.0651540,-82.4132176,149,null
1337716,28.0648968,-82.4139029,150,null
1337716,28.0648184,-82.4139041,151,null
1337716,28.0644665,-82.4139140,152,null
1337716,28.0644665,-82.4139140,153,null
1337716,28.0644354,-82.4139737,154,null
1337716,28.0643550,-82.4140313,155,null
1337716,28.0642816,-82.4140394,156,null
1337716,28.0642236,-82.4140139,157,null
1337716,28.0642239,-82.4139482,158,null
1337716,28.0642248,-82.4137255,159,null
1337716,28.0642875,-82.4137242,160,null
1337716,28.0643834,-82.4137725,161,null
1337716,28.0644567,-82.4138476,162,null
1337716,28.0644665,-82.4139140,163,null
1337716,28.0648930,-82.4168100,164,null
1337716,28.0648931,-82.4166852,165,null
1337716,28.0648925,-82.4165662,166,null
1337716,28.0648914,-82.4164517,167,null
1337716,28.0648938,-82.4162826,168,null
1337716,28.0648944,-82.4161272,169,null
1337716,28.0648964,-82.4155608,170,null
1337716,28.0648961,-82.4153424,171,null
1337716,28.0648934,-82.4150247,172,null
1337716,28.0648936,-82.4147197,173,null
1337716,28.0648925,-82.4145894,174,null
1337716,28.0648935,-82.4145271,175,null
1337716,28.0648954,-82.4143821,176,null
1337716,28.0648947,-82.4142647,177,null
1337716,28.0648968,-82.4139029,178,null
1337716,28.0656069,-82.4179690,179,null
1337716,28.0655218,-82.4179063,180,null
1337716,28.0654859,-82.4178804,181,null
1337716,28.0653552,-82.4177862,182,null
1337716,28.0651810,-82.4175973,183,null
1337716,28.0650611,-82.4174234,184,null
1337716,28.0649936,-82.4173069,185,null
1337716,28.0649565,-82.4172090,186,null
1337716,28.0649159,-82.4170309,187,null
1337716,28.0648930,-82.4168100,188,null
1337716,28.0647892,-82.4146675,189,null
1337716,28.0642789,-82.4136326,190,null
1337716,28.0648208,-82.4163448,191,null
1337716,28.0654260,-82.4179792,192,null
1337716,28.0660137,-82.4191236,193,null
1337716,28.0661462,-82.4192041,194,null
1337716,28.0664449,-82.4177071,195,null
1337716,28.0679291,-82.4165168,196,null
1337716,28.0677897,-82.4146456,197,null
1337716,28.0672309,-82.4249241,198,null
1337716,28.0671289,-82.4131028,199,null
1337716,28.0656663,-82.4132162,200,null
1337716,28.0657420,-82.4132162,201,null
1337716,28.0656663,-82.4132162,202,null
1337716,28.0657420,-82.4132162,203,null
1335912,28.0581555,-82.4215321,0,null
1335912,28.0579898,-82.4215107,1,null
1335912,28.0580952,-82.4229479,2,null
1335912,28.0580929,-82.4213805,3,null
1335912,28.0580899,-82.4200569,4,null
1335912,28.0580938,-82.4199318,5,null
1335912,28.0578407,-82.4228062,6,null
1335912,28.0578500,-82.4230895,7,null
1335912,28.0571335,-82.4229620,8,null
1335912,28.0572075,-82.4229624,9,null
1335912,28.0580043,-82.4229479,10,null
1335912,28.0580952,-82.4229479,11,null
1335912,28.0569817,-82.4250486,12,null
1335912,28.0569817,-82.4232751,13,null
1335912,28.0569817,-82.4231452,14,null
1335912,28.0570627,-82.4230134,15,null
1335912,28.0571335,-82.4229620,16,null
1335912,28.0569746,-82.4259820,17,null
1335912,28.0569711,-82.4258382,18,null
1335912,28.0569817,-82.4250486,19,null
1335912,28.0569982,-82.4261751,20,null
1335912,28.0569980,-82.4263195,21,null
1335912,28.0569982,-82.4268430,22,null
1335912,28.0569888,-82.4270710,23,null
1335912,28.0569762,-82.4275805,24,null
1335912,28.0569785,-82.4280645,25,null
1335912,28.0569570,-82.4296525,26,null
1335912,28.0569579,-82.4305648,27,null
1335912,28.0569982,-82.4261751,28,null
1335912,28.0569746,-82.4259820,29,null
1335912,28.0569208,-82.4280875,30,null
1335912,28.0570359,-82.4281330,31,null
1335912,28.0569579,-82.4305648,32,null
1335912,28.0575790,-82.4305648,33,null
1335912,28.0579880,-82.4305734,34,null
1335912,28.0583317,-82.4311714,35,null
1335912,28.0583660,-82.4312320,36,null
1335912,28.0587060,-82.4320980,37,null
1335912,28.0588254,-82.4324916,38,null
1335912,28.0588254,-82.4324916,39,null
1335912,28.0587524,-82.4325696,40,null
1335912,28.0586975,-82.4326606,41,null
1335912,28.0586975,-82.4330871,42,null
1335912,28.0587094,-82.4334760,43,null
1335912,28.0587023,-82.4335833,44,null
1335912,28.0586313,-82.4336933,45,null
1335912,28.0585958,-82.4337871,46,null
1335912,28.0586360,-82.4338595,47,null
1335912,28.0591899,-82.4338542,48,null
1335912,28.0591946,-82.4356322,49,null
1335912,28.0598542,-82.4345757,50,null
1335912,28.0598600,-82.4355430,51,null
1335912,28.0598250,-82.4356250,52,null
1335912,28.0594369,-82.4356333,53,null
1335912,28.0594480,-82.4356290,54,null
1335912,28.0591946,-82.4356322,55,null
1335912,28.0587290,-82.4356380,56,null
1335912,28.0586840,-82.4359820,57,null
1335912,28.0586335,-82.4360896,58,null
1335912,28.0581610,-82.4370960,59,null
1335912,28.0581210,-82.4374420,60,null
1335912,28.0581170,-82.4377703,61,null
1335912,28.0581170,-82.4377703,62,null
1335912,28.0575070,-82.4377809,63,null
1335912,28.0575141,-82.4361958,64,null
1335912,28.0575803,-82.4360831,65,null
1335912,28.0575922,-82.4358578,66,null
1335912,28.0578596,-82.4358632,67,null
1335912,28.0579022,-82.4358202,68,null
1335912,28.0579661,-82.4357693,69,null
1335912,28.0579614,-82.4349324,70,null
1335912,28.0587236,-82.4349378,71,null
1335912,28.0587290,-82.4356380,72,null
1335912,28.0586629,-82.4350451,73,null
1335912,28.0587290,-82.4356380,74,null
1335912,28.0587070,-82.4357280,75,null
1335912,28.0586840,-82.4359820,76,null
1335912,28.0612988,-82.4346213,77,null
1335912,28.0615659,-82.4344950,78,null
1335912,28.0655351,-82.4345894,79,null
1335912,28.0630881,-82.4345779,80,null
1335912,28.0605618,-82.4345660,81,null
1335912,28.0605618,-82.4345660,82,null
1335912,28.0598542,-82.4345757,83,null
1335912,28.0635941,-82.4344850,84,null
1335912,28.0655351,-82.4345894,85,null
1335912,28.0655280,-82.4335594,86,null
1335912,28.0655209,-82.4331544,87,null
1335912,28.0655232,-82.4325107,88,null
1335912,28.0655236,-82.4320994,89,null
1335912,28.0655260,-82.4315657,90,null
1335912,28.0655280,-82.4314753,91,null
1335912,28.0655264,-82.4307911,92,null
1335912,28.0655256,-82.4304346,93,null
1335912,28.0655256,-82.4304346,94,null
1335912,28.0658386,-82.4304338,95,null
1335912,28.0664889,-82.4304320,96,null
1335912,28.0664889,-82.4304320,97,null
1335912,28.0673624,-82.4304351,98,null
1335912,28.0673624,-82.4304351,99,null
1335912,28.0673529,-82.4294105,100,null
1335912,28.0655264,-82.4294278,101,null
1335912,28.0664142,-82.4294194,102,null
1335912,28.0673529,-82.4294105,103,null
1335912,28.0655256,-82.4304346,104,null
1335912,28.0655264,-82.4294278,105,null
1335912,28.0655264,-82.4294278,106,null
1335912,28.0655340,-82.4283892,107,null
1335912,28.0655688,-82.4273285,108,null
1335912,28.0655711,-82.4261564,109,null
1335912,28.0655456,-82.4259609,110,null
1335912,28.0655456,-82.4259609,111,null
1335912,28.0655478,-82.4256974,112,null
1335912,28.0655478,-82.4254828,113,null
1335912,28.0655820,-82.4252450,114,null
1335912,28.0656170,-82.4250924,115,null
1335912,28.0656766,-82.4249164,116,null
1335912,28.0657111,-82.4248544,117,null
1335912,28.0657801,-82.4247604,118,null
1335912,28.0658303,-82.4246920,119,null
1335912,28.0658892,-82.4245807,120,null
1335912,28.0659568,-82.4244529,121,null
1335912,28.0659711,-82.4244063,122,null
1335912,28.0660174,-82.4242555,123,null
1335912,28.0660401,-82.4240495,124,null
1335912,28.0660401,-82.4236032,125,null
1335912,28.0660221,-82.4245398,126,null
1335912,28.0668539,-82.4294859,127,null
1335912,28.0661097,-82.4235501,128,null
1335912,28.0659877,-82.4233507,129,null
1335912,28.0660217,-82.4204813,130,null
1335912,28.0660247,-82.4203544,131,null
1335912,28.0660250,-82.4190574,132,null
1335912,28.0660217,-82.4189449,133,null
1335912,28.0660043,-82.4208696,134,null
1335912,28.0661368,-82.4209448,135,null
1335912,28.0660137,-82.4191236,136,null
1335912,28.0661462,-82.4192041,137,null
1335912,28.0654260,-82.4179792,138,null
1335912,28.0655001,-82.4177664,139,null
1335912,28.0650025,-82.4165440,140,null
1335912,28.0648208,-82.4163448,141,null
1335912,28.0650233,-82.4142865,142,null
1335912,28.0647892,-82.4146675,143,null
1335912,28.0648930,-82.4168100,144,null
1335912,28.0648931,-82.4166852,145,null
1335912,28.0648925,-82.4165662,146,null
1335912,28.0648914,-82.4164517,147,null
1335912,28.0648938,-82.4162826,148,null
1335912,28.0648944,-82.4161272,149,null
1335912,28.0648964,-82.4155608,150,null
1335912,28.0648961,-82.4153424,151,null
1335912,28.0648934,-82.4150247,152,null
1335912,28.0648936,-82.4147197,153,null
1335912,28.0648925,-82.4145894,154,null
1335912,28.0648935,-82.4145271,155,null
1335912,28.0648954,-82.4143821,156,null
1335912,28.0648947,-82.4142647,157,null
1335912,28.0648968,-82.4139029,158,null
1335912,28.0656069,-82.4179690,159,null
1335912,28.0655218,-82.4179063,160,null
1335912,28.0654859,-82.4178804,161,null
1335912,28.0653552,-82.4177862,162,null
1335912,28.0651810,-82.4175973,163,null
1335912,28.0650611,-82.4174234,164,null
1335912,28.0649936,-82.4173069,165,null
1335912,28.0649565,-82.4172090,166,null
1335912,28.0649159,-82.4170309,167,null
1335912,28.0648930,-82.4168100,168,null
1335912,28.0660217,-82.4189449,169,null
1335912,28.0660191,-82.4188595,170,null
1335912,28.0660141,-82.4186960,171,null
1335912,28.0659787,-82.4185434,172,null
1335912,28.0659163,-82.4183674,173,null
1335912,28.0658495,-82.4182403,174,null
1335912,28.0657463,-82.4180969,175,null
1335912,28.0656069,-82.4179690,176,null
1335912,28.0642789,-82.4136326,177,null
1335912,28.0644665,-82.4139140,178,null
1335912,28.0644354,-82.4139737,179,null
1335912,28.0643550,-82.4140313,180,null
1335912,28.0642816,-82.4140394,181,null
1335912,28.0642236,-82.4140139,182,null
1335912,28.0642239,-82.4139482,183,null
1335912,28.0642248,-82.4137255,184,null
1335912,28.0642875,-82.4137242,185,null
1335912,28.0643834,-82.4137725,186,null
1335912,28.0644567,-82.4138476,187,null
1335912,28.0644665,-82.4139140,188,null
1335912,28.0648968,-82.4139029,189,null
1335912,28.0648184,-82.4139041,190,null
1335912,28.0644665,-82.4139140,191,null
1335912,28.0591628,-82.4130271,192,null
1335912,28.0578225,-82.4156875,193,null
1335912,28.0577081,-82.4154040,194,null
1335912,28.0575532,-82.4150747,195,null
1335912,28.0575228,-82.4150022,196,null
1335912,28.0573951,-82.4146472,197,null
1335912,28.0573036,-82.4143126,198,null
1335912,28.0572531,-82.4140533,199,null
1335912,28.0572343,-82.4137712,200,null
1335912,28.0572224,-82.4134684,201,null
1335912,28.0572235,-82.4133327,202,null
1335912,28.0580938,-82.4199318,203,null
1335912,28.0580920,-82.4197684,204,null
1335912,28.0580899,-82.4178167,205,null
1335912,28.0580866,-82.4176938,206,null
1335912,28.0577239,-82.4158121,207,null
1335912,28.0580609,-82.4160442,208,null
1335912,28.0580510,-82.4178021,209,null
1335912,28.0581775,-82.4180747,210,null
1335912,28.0572235,-82.4133327,211,null
1335912,28.0572219,-82.4130934,212,null
1335912,28.0572219,-82.4130934,213,null
1335912,28.0573505,-82.4130950,214,null
1335912,28.0580326,-82.4130964,215,null
1335912,28.0586832,-82.4130967,216,null
1335912,28.0590185,-82.4130917,217,null
1335912,28.0593131,-82.4130902,218,null
1335912,28.0596764,-82.4130885,219,null
1335912,28.0596776,-82.4133430,220,null
1335912,28.0593155,-82.4133456,221,null
1335912,28.0590457,-82.4133454,222,null
1335912,28.0590184,-82.4133452,223,null
1335912,28.0586078,-82.4133416,224,null
1335912,28.0573476,-82.4133337,225,null
1335912,28.0572235,-82.4133327,226,null
1335912,28.0660401,-82.4236032,227,null
1335912,28.0660223,-82.4206331,228,null
1335912,28.0660217,-82.4204813,229,null
1335912,28.0661098,-82.4235501,230,null
1335912,28.0656649,-82.4247330,231,null
1335912,28.0586819,-82.4348681,232,null
1335912,28.0656119,-82.4298120,233,null
1335912,28.0580866,-82.4176938,234,null
1335912,28.0580861,-82.4176277,235,null
1335912,28.0580899,-82.4172330,236,null
1335912,28.0580636,-82.4167827,237,null
1335912,28.0580467,-82.4166230,238,null
1335912,28.0580377,-82.4165384,239,null
1335912,28.0580181,-82.4163535,240,null
1335912,28.0579719,-82.4161240,241,null
1335912,28.0579299,-82.4159747,242,null
1335912,28.0578967,-82.4158758,243,null
1335912,28.0578742,-82.4158128,244,null
1335912,28.0578225,-82.4156875,245,null
1335912,28.0596764,-82.4130885,246,null
1335912,28.0597216,-82.4131347,247,null
1335912,28.0597370,-82.4131896,248,null
1335912,28.0597357,-82.4132616,249,null
1335912,28.0597098,-82.4133064,250,null
1335912,28.0596776,-82.4133430,251,null
1335912,28.0591688,-82.4134026,252,null
1711634,28.0642789,-82.4136326,0,null
1711634,28.0644665,-82.4139140,1,null
1711634,28.0644354,-82.4139737,2,null
1711634,28.0643550,-82.4140313,3,null
1711634,28.0642816,-82.4140394,4,null
1711634,28.0642236,-82.4140139,5,null
1711634,28.0642239,-82.4139482,6,null
1711634,28.0642248,-82.4137255,7,null
1711634,28.0642875,-82.4137242,8,null
1711634,28.0643834,-82.4137725,9,null
1711634,28.0644567,-82.4138476,10,null
1711634,28.0644665,-82.4139140,11,null
1711634,28.0648968,-82.4139029,12,null
1711634,28.0648184,-82.4139041,13,null
1711634,28.0644665,-82.4139140,14,null
1711634,28.0648968,-82.4139029,15,null
1711634,28.0648889,-82.4134065,16,null
1711634,28.0649180,-82.4133260,17,null
1711634,28.0649722,-82.4132434,18,null
1711634,28.0650555,-82.4132176,19,null
1711634,28.0651540,-82.4132176,20,null
1711634,28.0651540,-82.4132176,21,null
1711634,28.0656663,-82.4132162,22,null
1711634,28.0657420,-82.4132162,23,null
1711634,28.0658406,-82.4132151,24,null
1711634,28.0663121,-82.4132133,25,null
1711634,28.0665871,-82.4132141,26,null
1711634,28.0669760,-82.4132153,27,null
1711634,28.0670641,-82.4132129,28,null
1711634,28.0671300,-82.4132128,29,null
1711634,28.0675640,-82.4132127,30,null
1711634,28.0676727,-82.4132114,31,null
1711634,28.0656663,-82.4132162,32,null
1711634,28.0657420,-82.4132162,33,null
1711634,28.0674390,-82.4179292,34,null
1711634,28.0677081,-82.4177442,35,null
1711634,28.0677636,-82.4176574,36,null
1711634,28.0678021,-82.4175662,37,null
1711634,28.0678242,-82.4172884,38,null
1711634,28.0678242,-82.4171367,39,null
1711634,28.0678242,-82.4168590,40,null
1711634,28.0678242,-82.4165050,41,null
1711634,28.0678242,-82.4159779,42,null
1711634,28.0678242,-82.4158893,43,null
1711634,28.0678166,-82.4158035,44,null
1711634,28.0678090,-82.4157262,45,null
1711634,28.0677333,-82.4154773,46,null
1711634,28.0677030,-82.4153743,47,null
1711634,28.0676811,-82.4152242,48,null
1711634,28.0676801,-82.4149951,49,null
1711634,28.0676795,-82.4148447,50,null
1711634,28.0676791,-82.4147428,51,null
1711634,28.0676776,-82.4143857,52,null
1711634,28.0676775,-82.4143085,53,null
1711634,28.0676700,-82.4140081,54,null
1711634,28.0676722,-82.4133495,55,null
1711634,28.0676727,-82.4132114,56,null
1711634,28.0671289,-82.4131028,57,null
1711634,28.0677897,-82.4146456,58,null
1711634,28.0679291,-82.4165168,59,null
1711634,28.0671039,-82.4176547,60,null
1711634,28.0671749,-82.4176559,61,null
1711634,28.0672643,-82.4176880,62,null
1711634,28.0673476,-82.4177824,63,null
1711634,28.0674131,-82.4178765,64,null
1711634,28.0674390,-82.4179292,65,null
1711634,28.0664449,-82.4177071,66,null
1711634,28.0670173,-82.4176533,67,null
1711634,28.0671039,-82.4176547,68,null
1711634,28.0664176,-82.4176800,69,null
1711634,28.0666637,-82.4176770,70,null
1711634,28.0668531,-82.4176505,71,null
1711634,28.0670173,-82.4176533,72,null
1711634,28.0658992,-82.4176103,73,null
1711634,28.0659489,-82.4176612,74,null
1711634,28.0659939,-82.4176826,75,null
1711634,28.0664176,-82.4176800,76,null
1711634,28.0656069,-82.4179690,77,null
1711634,28.0656442,-82.4179059,78,null
1711634,28.0658117,-82.4176132,79,null
1711634,28.0658211,-82.4175969,80,null
1711634,28.0658992,-82.4176103,81,null
1711634,28.0660217,-82.4189449,82,null
1711634,28.0660191,-82.4188595,83,null
1711634,28.0660141,-82.4186960,84,null
1711634,28.0659787,-82.4185434,85,null
1711634,28.0659163,-82.4183674,86,null
1711634,28.0658495,-82.4182403,87,null
1711634,28.0657463,-82.4180969,88,null
1711634,28.0656069,-82.4179690,89,null
1711634,28.0641918,-82.4189483,90,null
1711634,28.0642155,-82.4189482,91,null
1711634,28.0645052,-82.4189473,92,null
1711634,28.0648775,-82.4189445,93,null
1711634,28.0650202,-82.4189455,94,null
1711634,28.0653087,-82.4189440,95,null
1711634,28.0654344,-82.4189452,96,null
1711634,28.0659679,-82.4189449,97,null
1711634,28.0660217,-82.4189449,98,null
1711634,28.0649089,-82.4190230,99,null
1711634,28.0639239,-82.4189492,100,null
1711634,28.0639279,-82.4189492,101,null
1711634,28.0639800,-82.4189492,102,null
1711634,28.0640043,-82.4189492,103,null
1711634,28.0641918,-82.4189483,104,null
1711634,28.0641790,-82.4190000,105,null
1711634,28.0641580,-82.4190282,106,null
1711634,28.0641434,-82.4190394,107,null
1711634,28.0641058,-82.4190523,108,null
1711634,28.0640654,-82.4190460,109,null
1711634,28.0640350,-82.4190250,110,null
1711634,28.0640183,-82.4190024,111,null
1711634,28.0640063,-82.4189681,112,null
1711634,28.0640043,-82.4189492,113,null
1711634,28.0637414,-82.4189781,114,null
1711634,28.0637954,-82.4189479,115,null
1711634,28.0638971,-82.4189489,116,null
1711634,28.0639239,-82.4189492,117,null
1711634,28.0626286,-82.4195285,118,null
1711634,28.0626137,-82.4194023,119,null
1711634,28.0626141,-82.4192197,120,null
1711634,28.0626361,-82.4191251,121,null
1711634,28.0626664,-82.4190307,122,null
1711634,28.0627573,-82.4189449,123,null
1711634,28.0631440,-82.4189510,124,null
1711634,28.0632269,-82.4189523,125,null
1711634,28.0637587,-82.4189481,126,null
1711634,28.0637954,-82.4189479,127,null
1711634,28.0626286,-82.4195285,128,null
1711634,28.0625626,-82.4195096,129,null
1711634,28.0622685,-82.4194291,130,null
1711634,28.0620081,-82.4194077,131,null
1711634,28.0617714,-82.4194130,132,null
1711634,28.0615064,-82.4194613,133,null
1711634,28.0612455,-82.4195959,134,null
1711634,28.0611341,-82.4196607,135,null
1711634,28.0626315,-82.4196424,136,null
1711634,28.0610280,-82.4191764,137,null
1711634,28.0610280,-82.4193946,138,null
1711634,28.0610432,-82.4194719,139,null
1711634,28.0610735,-82.4195491,140,null
1711634,28.0610937,-82.4195863,141,null
1711634,28.0611341,-82.4196607,142,null
1711634,28.0607478,-82.4177210,143,null
1711634,28.0608614,-82.4177639,144,null
1711634,28.0609220,-82.4178239,145,null
1711634,28.0609675,-82.4179012,146,null
1711634,28.0609978,-82.4179870,147,null
1711634,28.0610280,-82.4180900,148,null
1711634,28.0610280,-82.4184934,149,null
1711634,28.0610280,-82.4191764,150,null
1711634,28.0607478,-82.4177210,151,null
1711634,28.0603994,-82.4177210,152,null
1711634,28.0601741,-82.4177218,153,null
1711634,28.0595000,-82.4177132,154,null
1711634,28.0592529,-82.4177090,155,null
1711634,28.0591386,-82.4177073,156,null
1711634,28.0590284,-82.4177017,157,null
1711634,28.0581507,-82.4176948,158,null
1711634,28.0580866,-82.4176938,159,null
1711634,28.0601447,-82.4177718,160,null
1711634,28.0580866,-82.4176938,161,null
1711634,28.0580861,-82.4176277,162,null
1711634,28.0580899,-82.4172330,163,null
1711634,28.0580636,-82.4167827,164,null
1711634,28.0580467,-82.4166230,165,null
1711634,28.0580377,-82.4165384,166,null
1711634,28.0580181,-82.4163535,167,null
1711634,28.0579719,-82.4161240,168,null
1711634,28.0579299,-82.4159747,169,null
1711634,28.0578967,-82.4158758,170,null
1711634,28.0578742,-82.4158128,171,null
1711634,28.0578225,-82.4156875,172,null
1711634,28.0577239,-82.4158121,173,null
1711634,28.0578225,-82.4156875,174,null
1711634,28.0577081,-82.4154040,175,null
1711634,28.0575532,-82.4150747,176,null
1711634,28.0575228,-82.4150022,177,null
1711634,28.0573951,-82.4146472,178,null
1711634,28.0573036,-82.4143126,179,null
1711634,28.0572531,-82.4140533,180,null
1711634,28.0572343,-82.4137712,181,null
1711634,28.0572224,-82.4134684,182,null
1711634,28.0572235,-82.4133327,183,null
1711634,28.0572235,-82.4133327,184,null
1711634,28.0572219,-82.4130934,185,null
1711634,28.0572219,-82.4130934,186,null
1711634,28.0573505,-82.4130950,187,null
1711634,28.0580326,-82.4130964,188,null
1711634,28.0586832,-82.4130967,189,null
1711634,28.0590185,-82.4130917,190,null
1711634,28.0593131,-82.4130902,191,null
1711634,28.0596764,-82.4130885,192,null
1711634,28.0596776,-82.4133430,193,null
1711634,28.0593155,-82.4133456,194,null
1711634,28.0590457,-82.4133454,195,null
1711634,28.0590184,-82.4133452,196,null
1711634,28.0586078,-82.4133416,197,null
1711634,28.0573476,-82.4133337,198,null
1711634,28.0572235,-82.4133327,199,null
1711634,28.0591628,-82.4130271,200,null
1711634,28.0572219,-82.4130934,201,null
1711634,28.0572212,-82.4129732,202,null
1711634,28.0572417,-82.4114377,203,null
1711634,28.0569420,-82.4086537,204,null
1711634,28.0569155,-82.4085883,205,null
1711634,28.0568857,-82.4085538,206,null
1711634,28.0567570,-82.4082791,207,null
1711634,28.0566434,-82.4080045,208,null
1711634,28.0566055,-82.4078671,209,null
1711634,28.0565676,-82.4076611,210,null
1711634,28.0565449,-82.4073092,211,null
1711634,28.0565231,-82.4069235,212,null
1711634,28.0564388,-82.4054295,213,null
1711634,28.0565828,-82.4054639,214,null
1711634,28.0564388,-82.4054295,215,null
1711634,28.0599903,-82.4050929,216,null
1711634,28.0599123,-82.4051344,217,null
1711634,28.0597984,-82.4051798,218,null
1711634,28.0597185,-82.4052064,219,null
1711634,28.0596616,-82.4052126,220,null
1711634,28.0594837,-82.4052321,221,null
1711634,28.0589762,-82.4052321,222,null
1711634,28.0589188,-82.4052327,223,null
1711634,28.0585578,-82.4052365,224,null
1711634,28.0583356,-82.4052786,225,null
1711634,28.0580370,-82.4053351,226,null
1711634,28.0577672,-82.4054178,227,null
1711634,28.0576853,-82.4054429,228,null
1711634,28.0576095,-82.4054590,229,null
1711634,28.0575147,-82.4054829,230,null
1711634,28.0574538,-82.4054982,231,null
1711634,28.0572114,-82.4055240,232,null
1711634,28.0569499,-82.4055152,233,null
1711634,28.0568981,-82.4055079,234,null
1711634,28.0565828,-82.4054639,235,null
1711634,28.0576648,-82.4053355,236,null
1711634,28.0598216,-82.4048794,237,null
1711634,28.0599903,-82.4050929,238,null
1711634,28.0599358,-82.4049696,239,null
1711634,28.0598408,-82.4047639,240,null
1711634,28.0598000,-82.4046270,241,null
1711634,28.0597857,-82.4044828,242,null
1711634,28.0597859,-82.4035759,243,null
1711634,28.0597860,-82.4028523,244,null
1711634,28.0597782,-82.4027318,245,null
1711634,28.0663390,-82.4027670,246,null
1711634,28.0662795,-82.4027830,247,null
1711634,28.0656081,-82.4027674,248,null
1711634,28.0655178,-82.4027673,249,null
1711634,28.0645855,-82.4027614,250,null
1711634,28.0635759,-82.4027605,251,null
1711634,28.0622072,-82.4027541,252,null
1711634,28.0619195,-82.4027528,253,null
1711634,28.0600191,-82.4027415,254,null
1711634,28.0598293,-82.4027380,255,null
1711634,28.0597782,-82.4027318,256,null
1711634,28.0601783,-82.4026042,257,null
1711634,28.0631924,-82.4026265,258,null
1711634,28.0656023,-82.4027142,259,null
1711634,28.0659845,-82.4041464,260,null
1711634,28.0662330,-82.4034030,261,null
1711634,28.0663390,-82.4027670,262,null
1711634,28.0657826,-82.4049209,263,null
1711634,28.0658584,-82.4046119,264,null
1711634,28.0659845,-82.4041464,265,null
1711634,28.0657111,-82.4080873,266,null
1711634,28.0657080,-82.4079204,267,null
1711634,28.0657095,-82.4073893,268,null
1711634,28.0657098,-82.4072595,269,null
1711634,28.0657092,-82.4069135,270,null
1711634,28.0657026,-82.4059338,271,null
1711634,28.0657010,-82.4056975,272,null
1711634,28.0657086,-82.4055516,273,null
1711634,28.0657313,-82.4052426,274,null
1711634,28.0657826,-82.4049209,275,null
1711634,28.0657950,-82.4074325,276,null
1711634,28.0657111,-82.4080873,277,null
1711634,28.0658225,-82.4080709,278,null
1711634,28.0664717,-82.4079635,279,null
1711634,28.0675942,-82.4078286,280,null
1711634,28.0676283,-82.4078204,281,null
1711634,28.0676283,-82.4078204,282,null
1711634,28.0676228,-82.4076683,283,null
1711634,28.0675305,-82.4076200,284,null
1711634,28.0674973,-82.4075234,285,null
1711634,28.0675186,-82.4074349,286,null
1711634,28.0675802,-82.4073813,287,null
1711634,28.0676702,-82.4073798,288,null
1711634,28.0677308,-82.4074313,289,null
1711634,28.0677690,-82.4075317,290,null
1711634,28.0677239,-82.4076158,291,null
1711634,28.0676559,-82.4076656,292,null
1711634,28.0676643,-82.4078251,293,null
1711634,28.0678411,-82.4076373,294,null
1711634,28.0657109,-82.4107053,295,null
1711634,28.0657109,-82.4106221,296,null
1711634,28.0657114,-82.4093393,297,null
1711634,28.0657118,-82.4092181,298,null
1711634,28.0657113,-82.4082893,299,null
1711634,28.0657111,-82.4080873,300,null
1711634,28.0658117,-82.4098152,301,null
1711634,28.0658060,-82.4120271,302,null
1711634,28.0657109,-82.4107053,303,null
1711634,28.0657335,-82.4114205,304,null
1711634,28.0657408,-82.4117195,305,null
1711634,28.0657416,-82.4117893,306,null
1711634,28.0657420,-82.4125296,307,null
1711634,28.0657420,-82.4131150,308,null
1711634,28.0657420,-82.4132162,309,null
1711634,28.0565807,-82.4102603,310,null
1711634,28.0572417,-82.4114377,311,null
1711634,28.0571020,-82.4114357,312,null
1711634,28.0566282,-82.4114291,313,null
1711634,28.0566206,-82.4108025,314,null
1711634,28.0566206,-82.4105451,315,null
1711634,28.0566206,-82.4102876,316,null
1711634,28.0566263,-82.4097196,317,null
1711634,28.0566187,-82.4096252,318,null
1711634,28.0566159,-82.4095998,319,null
1711634,28.0565973,-82.4095727,320,null
1711634,28.0564259,-82.4094835,321,null
1711634,28.0564142,-82.4094793,322,null
1711634,28.0563272,-82.4094410,323,null
1711634,28.0565355,-82.4086283,324,null
1711634,28.0565557,-82.4087051,325,null
1711634,28.0566314,-82.4086622,326,null
1711634,28.0568258,-82.4086611,327,null
1711634,28.0569420,-82.4086537,328,null
1711634,28.0565557,-82.4087051,329,null
1711634,28.0565232,-82.4087239,330,null
1711634,28.0565031,-82.4087249,331,null
1711634,28.0565031,-82.4087249,332,null
1711634,28.0564118,-82.4087271,333,null
1711634,28.0564118,-82.4087271,334,null
1711634,28.0564207,-82.4088898,335,null
1711634,28.0564160,-82.4090052,336,null
1711634,28.0563983,-82.4091903,337,null
1711634,28.0563699,-82.4093297,338,null
1711634,28.0563272,-82.4094410,339,null
1711634,28.0596764,-82.4130885,340,null
1711634,28.0597216,-82.4131347,341,null
1711634,28.0597370,-82.4131896,342,null
1711634,28.0597357,-82.4132616,343,null
1711634,28.0597098,-82.4133064,344,null
1711634,28.0596776,-82.4133430,345,null
1711634,28.0591688,-82.4134026,346,null
